-0.23 0.97 -0.03
-0.38 -0.92 -0.03
0.23 0.97 0.03
-0.92 0.15 0.36
0.66 -0.66 0.36
-0.73 -0.15 0.66
0.37 0.65 -0.66
-0.63 0.74 -0.22
-0.29 0.31 -0.91
-0.37 -0.55 -0.75
0.63 0.74 0.22
-0.76 -0.65 0.03
0.07 -0.97 -0.22
0.05 -0.42 -0.91
0.62 0.23 -0.75
1.00 0.08 0.03
-0.08 -0.74 0.66
0.68 -0.31 0.66
0.50 0.55 0.66
-0.37 0.65 0.66
-0.51 0.83 0.22
-0.14 0.92 0.36
-0.15 0.97 0.18
-0.07 -0.97 0.22
-0.43 -0.83 0.36
-0.45 -0.87 0.18
0.51 0.83 -0.22
0.14 0.92 -0.36
0.15 0.97 -0.18
-1.00 0.08 -0.03
-0.95 -0.23 0.22
-0.94 -0.08 0.32
0.76 -0.65 -0.03
0.90 -0.37 0.22
0.81 -0.49 0.32
-0.42 -0.08 0.91
-0.62 0.23 0.75
-0.71 0.08 0.70
0.20 0.37 -0.91
-0.03 0.66 -0.75
0.15 0.70 -0.70
-0.83 0.42 -0.36
-0.85 0.52 0.03
-0.76 0.65 -0.05
-0.64 0.18 -0.75
-0.50 0.55 -0.66
-0.39 0.48 -0.79
-0.68 -0.31 -0.66
-0.38 -0.18 -0.91
-0.35 -0.35 -0.87
0.83 0.42 0.36
0.85 0.52 -0.03
0.76 0.65 0.05
-0.90 -0.37 -0.22
-0.66 -0.66 -0.36
-0.69 -0.70 -0.18
0.43 -0.83 -0.36
0.38 -0.92 0.03
0.23 -0.97 -0.05
0.41 -0.52 -0.75
0.08 -0.74 -0.66
0.04 -0.62 -0.79
0.73 -0.15 -0.66
0.42 -0.08 -0.91
0.49 0.08 -0.87
0.95 -0.23 -0.22
0.92 0.15 -0.36
0.97 0.16 -0.18
-0.05 -0.42 0.91
-0.41 -0.52 0.75
-0.29 -0.65 0.70
0.38 -0.18 0.91
0.37 -0.55 0.75
0.53 -0.48 0.70
0.29 0.31 0.91
0.64 0.18 0.75
0.62 0.35 0.70
-0.20 0.37 0.91
0.03 0.66 0.75
-0.15 0.70 0.70
-0.38 0.92 0.05
-0.37 0.87 0.32
-0.23 0.95 0.23
-0.23 -0.97 0.05
-0.22 -0.92 0.32
-0.37 -0.90 0.23
0.38 0.92 -0.05
0.37 0.87 -0.32
0.23 0.95 -0.23
-0.97 0.16 0.18
-1.00 -0.08 0.05
-0.97 -0.08 0.23
0.69 -0.70 0.18
0.85 -0.52 0.05
0.83 -0.51 0.23
-0.60 -0.16 0.79
-0.49 0.08 0.87
-0.64 0.08 0.76
0.33 0.52 -0.79
0.08 0.49 -0.87
0.12 0.63 -0.76
-0.72 0.62 -0.32
-0.88 0.44 -0.18
-0.81 0.58 -0.10
-0.44 0.23 -0.87
-0.62 0.35 -0.70
-0.47 0.44 -0.76
-0.53 -0.48 -0.70
-0.58 -0.23 -0.79
-0.43 -0.31 -0.85
0.72 0.62 0.32
0.88 0.44 0.18
0.81 0.58 0.10
-0.85 -0.52 -0.05
-0.81 -0.49 -0.32
-0.74 -0.63 -0.23
0.22 -0.92 -0.32
0.45 -0.87 -0.18
0.31 -0.95 -0.10
0.23 -0.44 -0.87
0.29 -0.65 -0.70
0.12 -0.63 -0.76
0.71 0.08 -0.70
0.60 -0.16 -0.79
0.53 0.00 -0.85
1.00 -0.08 -0.05
0.94 -0.08 -0.32
0.97 0.08 -0.23
-0.04 -0.62 0.79
-0.23 -0.44 0.87
-0.27 -0.58 0.76
0.58 -0.23 0.79
0.35 -0.35 0.87
0.47 -0.44 0.76
0.39 0.48 0.79
0.44 0.23 0.87
0.56 0.31 0.76
-0.33 0.52 0.79
-0.08 0.49 0.87
-0.12 0.63 0.76
-0.23 0.93 -0.28
-0.45 0.88 -0.17
-0.31 0.95 -0.08
-0.67 0.67 0.33
-0.48 0.74 0.47
-0.50 0.81 0.31
0.09 0.89 0.45
0.08 0.97 0.21
-0.07 0.95 0.31
-0.36 -0.89 -0.28
-0.16 -0.97 -0.17
-0.31 -0.95 -0.08
0.15 -0.93 0.33
-0.05 -0.88 0.47
-0.07 -0.95 0.31
-0.59 -0.67 0.45
-0.64 -0.74 0.21
-0.50 -0.81 0.31
0.23 0.93 0.28
0.45 0.88 0.17
0.31 0.95 0.08
0.67 0.67 -0.33
0.48 0.74 -0.47
0.50 0.81 -0.31
-0.09 0.89 -0.45
-0.08 0.97 -0.21
0.07 0.95 -0.31
-0.82 0.36 0.45
-0.90 0.38 0.21
-0.92 0.23 0.31
-0.96 0.07 -0.28
-0.97 -0.15 -0.17
-1.00 -0.00 -0.08
-0.84 -0.43 0.33
-0.85 -0.22 0.47
-0.92 -0.23 0.31
0.45 -0.77 0.45
0.51 -0.83 0.21
0.61 -0.73 0.31
0.73 -0.62 -0.28
0.88 -0.45 -0.17
0.81 -0.59 -0.08
0.93 -0.14 0.33
0.82 -0.32 0.47
0.88 -0.36 0.31
-0.77 -0.36 0.53
-0.59 -0.38 0.71
-0.69 -0.23 0.69
-0.18 -0.07 0.98
-0.29 0.15 0.95
-0.37 0.00 0.93
-0.67 0.43 0.60
-0.80 0.22 0.55
-0.69 0.23 0.69
0.58 0.62 -0.53
0.54 0.45 -0.71
0.43 0.59 -0.69
0.12 0.14 -0.98
-0.06 0.32 -0.95
0.12 0.36 -0.93
-0.20 0.77 -0.60
0.04 0.83 -0.55
-0.00 0.73 -0.69
-0.43 0.84 -0.33
-0.56 0.68 -0.47
-0.61 0.73 -0.31
-0.87 0.19 -0.45
-0.95 0.23 -0.21
-0.88 0.36 -0.31
-0.82 0.50 0.28
-0.70 0.70 0.17
-0.81 0.59 0.08
-0.10 0.16 -0.98
-0.32 0.05 -0.95
-0.30 0.22 -0.93
-0.80 0.04 -0.60
-0.78 0.29 -0.55
-0.69 0.22 -0.69
-0.41 0.74 -0.53
-0.26 0.65 -0.71
-0.42 0.59 -0.69
-0.29 -0.74 -0.60
-0.52 -0.65 -0.55
-0.42 -0.59 -0.69
-0.83 -0.16 -0.53
-0.70 -0.05 -0.71
-0.69 -0.22 -0.69
-0.18 -0.04 -0.98
-0.14 -0.29 -0.95
-0.30 -0.22 -0.93
0.43 0.84 0.33
0.56 0.68 0.47
0.61 0.73 0.31
0.87 0.19 0.45
0.95 0.23 0.21
0.88 0.36 0.31
0.82 0.50 -0.28
0.70 0.70 -0.17
0.81 0.59 -0.08
-0.73 -0.62 0.28
-0.88 -0.45 0.17
-0.81 -0.59 0.08
-0.93 -0.14 -0.33
-0.82 -0.32 -0.47
-0.88 -0.36 -0.31
-0.45 -0.77 -0.45
-0.51 -0.83 -0.21
-0.61 -0.73 -0.31
-0.15 -0.93 -0.33
0.05 -0.88 -0.47
0.07 -0.95 -0.31
0.59 -0.67 -0.45
0.64 -0.74 -0.21
0.50 -0.81 -0.31
0.36 -0.89 0.28
0.16 -0.97 0.17
0.31 -0.95 0.08
-0.01 -0.19 -0.98
0.23 -0.23 -0.95
0.12 -0.36 -0.93
0.62 -0.50 -0.60
0.46 -0.70 -0.55
0.43 -0.59 -0.69
-0.10 -0.84 -0.53
-0.17 -0.68 -0.71
-0.00 -0.73 -0.69
0.67 0.43 -0.60
0.80 0.22 -0.55
0.69 0.23 -0.69
0.77 -0.36 -0.53
0.59 -0.38 -0.71
0.69 -0.23 -0.69
0.18 -0.07 -0.98
0.29 0.15 -0.95
0.37 0.00 -0.93
0.96 0.07 0.28
0.97 -0.15 0.17
1.00 0.00 0.08
0.84 -0.43 -0.33
0.85 -0.22 -0.47
0.92 -0.23 -0.31
0.82 0.36 -0.45
0.90 0.38 -0.21
0.92 0.23 -0.31
0.10 -0.84 0.53
0.17 -0.68 0.71
0.00 -0.73 0.69
0.01 -0.19 0.98
-0.23 -0.23 0.95
-0.12 -0.36 0.93
-0.62 -0.50 0.60
-0.46 -0.70 0.55
-0.43 -0.59 0.69
0.83 -0.16 0.53
0.70 -0.05 0.71
0.69 -0.22 0.69
0.18 -0.04 0.98
0.14 -0.29 0.95
0.30 -0.22 0.93
0.29 -0.74 0.60
0.52 -0.65 0.55
0.42 -0.59 0.69
0.41 0.74 0.53
0.26 0.65 0.71
0.42 0.59 0.69
0.10 0.16 0.98
0.32 0.05 0.95
0.30 0.22 0.93
0.80 0.04 0.60
0.78 0.29 0.55
0.69 0.22 0.69
-0.58 0.62 0.53
-0.54 0.45 0.71
-0.43 0.59 0.69
-0.12 0.14 0.98
0.06 0.32 0.95
-0.12 0.36 0.93
0.20 0.77 0.60
-0.04 0.83 0.55
0.00 0.73 0.69
-0.31 0.95 0.10
-0.37 0.90 0.23
-0.30 0.93 0.19
-0.31 -0.95 0.10
-0.23 -0.95 0.23
-0.30 -0.93 0.19
0.31 0.95 -0.10
0.37 0.90 -0.23
0.30 0.93 -0.19
-0.97 0.08 0.23
-1.00 0.00 0.10
-0.98 0.00 0.19
0.74 -0.63 0.23
0.81 -0.58 0.10
0.79 -0.58 0.19
-0.64 -0.08 0.76
-0.53 0.00 0.85
-0.61 0.00 0.79
0.27 0.58 -0.76
0.16 0.51 -0.85
0.19 0.58 -0.79
-0.74 0.63 -0.23
-0.83 0.51 -0.23
-0.79 0.58 -0.19
-0.43 0.31 -0.85
-0.56 0.31 -0.76
-0.49 0.36 -0.79
-0.47 -0.44 -0.76
-0.56 -0.31 -0.76
-0.49 -0.36 -0.79
0.74 0.63 0.23
0.83 0.51 0.23
0.79 0.58 0.19
-0.81 -0.58 -0.10
-0.83 -0.51 -0.23
-0.79 -0.58 -0.19
0.23 -0.95 -0.23
0.37 -0.90 -0.23
0.30 -0.93 -0.19
0.16 -0.51 -0.85
0.27 -0.58 -0.76
0.19 -0.58 -0.79
0.64 0.08 -0.76
0.64 -0.08 -0.76
0.61 0.00 -0.79
1.00 0.00 -0.10
0.97 -0.08 -0.23
0.98 0.00 -0.19
-0.12 -0.63 0.76
-0.16 -0.51 0.85
-0.19 -0.58 0.79
0.56 -0.31 0.76
0.43 -0.31 0.85
0.49 -0.36 0.79
0.47 0.44 0.76
0.43 0.31 0.85
0.49 0.36 0.79
-0.27 0.58 0.76
-0.16 0.51 0.85
-0.19 0.58 0.79
-0.23 0.95 -0.21
-0.37 0.90 -0.21
-0.30 0.94 -0.16
-0.63 0.72 0.30
-0.55 0.72 0.43
-0.56 0.76 0.34
0.02 0.90 0.43
0.08 0.95 0.30
0.01 0.94 0.34
-0.37 -0.90 -0.21
-0.23 -0.95 -0.21
-0.30 -0.94 -0.16
0.08 -0.95 0.30
0.02 -0.90 0.43
0.01 -0.94 0.34
-0.55 -0.72 0.43
-0.63 -0.72 0.30
-0.56 -0.76 0.34
0.23 0.95 0.21
0.37 0.90 0.21
0.30 0.94 0.16
0.63 0.72 -0.30
0.55 0.72 -0.43
0.56 0.76 -0.34
-0.02 0.90 -0.43
-0.08 0.95 -0.30
-0.01 0.94 -0.34
-0.85 0.30 0.43
-0.88 0.37 0.30
-0.89 0.30 0.34
-0.98 0.08 -0.21
-0.98 -0.08 -0.21
-0.99 0.00 -0.16
-0.88 -0.37 0.30
-0.85 -0.30 0.43
-0.89 -0.30 0.34
0.52 -0.74 0.43
0.49 -0.82 0.30
0.55 -0.76 0.34
0.74 -0.64 -0.21
0.83 -0.51 -0.21
0.80 -0.58 -0.16
0.93 -0.21 0.30
0.87 -0.26 0.43
0.90 -0.28 0.34
-0.76 -0.30 0.57
-0.66 -0.37 0.65
-0.71 -0.30 0.64
-0.25 -0.08 0.97
-0.25 0.08 0.97
-0.30 0.00 0.95
-0.66 0.37 0.65
-0.76 0.30 0.57
-0.71 0.30 0.64
0.52 0.64 -0.57
0.56 0.51 -0.65
0.50 0.58 -0.64
0.15 0.21 -0.97
0.00 0.26 -0.97
0.09 0.28 -0.95
-0.15 0.74 -0.65
-0.05 0.82 -0.57
-0.06 0.76 -0.64
-0.49 0.82 -0.30
-0.52 0.74 -0.43
-0.55 0.76 -0.34
-0.87 0.26 -0.43
-0.93 0.21 -0.30
-0.90 0.28 -0.34
-0.83 0.51 0.21
-0.74 0.64 0.21
-0.80 0.58 0.16
-0.16 0.21 -0.97
-0.25 0.09 -0.97
-0.24 0.17 -0.95
-0.75 0.09 -0.65
-0.79 0.21 -0.57
-0.75 0.17 -0.64
-0.44 0.69 -0.57
-0.31 0.69 -0.65
-0.40 0.66 -0.64
-0.31 -0.69 -0.65
-0.44 -0.69 -0.57
-0.40 -0.66 -0.64
-0.79 -0.21 -0.57
-0.75 -0.09 -0.65
-0.75 -0.17 -0.64
-0.25 -0.09 -0.97
-0.16 -0.21 -0.97
-0.24 -0.17 -0.95
0.49 0.82 0.30
0.52 0.74 0.43
0.55 0.76 0.34
0.87 0.26 0.43
0.93 0.21 0.30
0.90 0.28 0.34
0.83 0.51 -0.21
0.74 0.64 -0.21
0.80 0.58 -0.16
-0.74 -0.64 0.21
-0.83 -0.51 0.21
-0.80 -0.58 0.16
-0.93 -0.21 -0.30
-0.87 -0.26 -0.43
-0.90 -0.28 -0.34
-0.52 -0.74 -0.43
-0.49 -0.82 -0.30
-0.55 -0.76 -0.34
-0.08 -0.95 -0.30
-0.02 -0.90 -0.43
-0.01 -0.94 -0.34
0.55 -0.72 -0.43
0.63 -0.72 -0.30
0.56 -0.76 -0.34
0.37 -0.90 0.21
0.23 -0.95 0.21
0.30 -0.94 0.16
0.00 -0.26 -0.97
0.15 -0.21 -0.97
0.09 -0.28 -0.95
0.56 -0.51 -0.65
0.52 -0.64 -0.57
0.50 -0.58 -0.64
-0.05 -0.82 -0.57
-0.15 -0.74 -0.65
-0.06 -0.76 -0.64
0.66 0.37 -0.65
0.76 0.30 -0.57
0.71 0.30 -0.64
0.76 -0.30 -0.57
0.66 -0.37 -0.65
0.71 -0.30 -0.64
0.25 -0.08 -0.97
0.25 0.08 -0.97
0.30 0.00 -0.95
0.98 0.08 0.21
0.98 -0.08 0.21
0.99 0.00 0.16
0.88 -0.37 -0.30
0.85 -0.30 -0.43
0.89 -0.30 -0.34
0.85 0.30 -0.43
0.88 0.37 -0.30
0.89 0.30 -0.34
0.05 -0.82 0.57
0.15 -0.74 0.65
0.06 -0.76 0.64
-0.00 -0.26 0.97
-0.15 -0.21 0.97
-0.09 -0.28 0.95
-0.56 -0.51 0.65
-0.52 -0.64 0.57
-0.50 -0.58 0.64
0.79 -0.21 0.57
0.75 -0.09 0.65
0.75 -0.17 0.64
0.25 -0.09 0.97
0.16 -0.21 0.97
0.24 -0.17 0.95
0.31 -0.69 0.65
0.44 -0.69 0.57
0.40 -0.66 0.64
0.44 0.69 0.57
0.31 0.69 0.65
0.40 0.66 0.64
0.16 0.21 0.97
0.25 0.09 0.97
0.24 0.17 0.95
0.75 0.09 0.65
0.79 0.21 0.57
0.75 0.17 0.64
-0.52 0.64 0.57
-0.56 0.51 0.65
-0.50 0.58 0.64
-0.15 0.21 0.97
-0.00 0.26 0.97
-0.09 0.28 0.95
0.15 0.74 0.65
0.05 0.82 0.57
0.06 0.76 0.64
-0.08 1.00 0.05
-0.23 0.97 0.05
-0.16 0.98 0.10
-0.52 0.85 0.05
-0.45 0.87 0.18
-0.45 0.89 0.10
-0.28 0.85 0.45
-0.22 0.92 0.32
-0.29 0.89 0.36
-0.52 -0.85 0.05
-0.38 -0.92 0.05
-0.45 -0.89 0.10
-0.08 -1.00 0.05
-0.15 -0.97 0.18
-0.16 -0.98 0.10
-0.28 -0.85 0.45
-0.37 -0.87 0.32
-0.29 -0.89 0.36
0.08 1.00 -0.05
0.23 0.97 -0.05
0.16 0.98 -0.10
0.52 0.85 -0.05
0.45 0.87 -0.18
0.45 0.89 -0.10
0.28 0.85 -0.45
0.22 0.92 -0.32
0.29 0.89 -0.36
-0.89 0.00 0.45
-0.94 0.08 0.32
-0.93 0.00 0.36
-0.97 0.24 0.05
-1.00 0.08 0.05
-0.98 0.16 0.10
-0.97 -0.24 0.05
-0.97 -0.16 0.18
-0.98 -0.16 0.10
0.72 -0.53 0.45
0.72 -0.62 0.32
0.75 -0.55 0.36
0.65 -0.76 0.05
0.76 -0.65 0.05
0.70 -0.70 0.10
0.92 -0.38 0.05
0.88 -0.44 0.18
0.89 -0.45 0.10
-0.80 0.00 0.60
-0.71 -0.08 0.70
-0.74 0.00 0.67
-0.48 -0.24 0.85
-0.49 -0.08 0.87
-0.53 -0.16 0.84
-0.48 0.24 0.85
-0.60 0.16 0.79
-0.53 0.16 0.84
0.25 0.76 -0.60
0.29 0.65 -0.70
0.23 0.70 -0.67
0.37 0.38 -0.85
0.23 0.44 -0.87
0.31 0.45 -0.84
-0.08 0.53 -0.85
0.04 0.62 -0.79
0.01 0.55 -0.84
-0.65 0.76 -0.05
-0.69 0.70 -0.18
-0.70 0.70 -0.10
-0.72 0.53 -0.45
-0.81 0.49 -0.32
-0.75 0.55 -0.36
-0.92 0.38 -0.05
-0.85 0.52 -0.05
-0.89 0.45 -0.10
-0.25 0.47 -0.85
-0.35 0.35 -0.87
-0.33 0.43 -0.84
-0.52 0.09 -0.85
-0.58 0.23 -0.79
-0.52 0.18 -0.84
-0.65 0.47 -0.60
-0.53 0.48 -0.70
-0.60 0.43 -0.67
-0.25 -0.47 -0.85
-0.39 -0.48 -0.79
-0.33 -0.43 -0.84
-0.65 -0.47 -0.60
-0.62 -0.35 -0.70
-0.60 -0.43 -0.67
-0.52 -0.09 -0.85
-0.44 -0.23 -0.87
-0.52 -0.18 -0.84
0.65 0.76 0.05
0.69 0.70 0.18
0.70 0.70 0.10
0.72 0.53 0.45
0.81 0.49 0.32
0.75 0.55 0.36
0.92 0.38 0.05
0.85 0.52 0.05
0.89 0.45 0.10
-0.65 -0.76 -0.05
-0.76 -0.65 -0.05
-0.70 -0.70 -0.10
-0.92 -0.38 -0.05
-0.88 -0.44 -0.18
-0.89 -0.45 -0.10
-0.72 -0.53 -0.45
-0.72 -0.62 -0.32
-0.75 -0.55 -0.36
0.08 -1.00 -0.05
0.15 -0.97 -0.18
0.16 -0.98 -0.10
0.28 -0.85 -0.45
0.37 -0.87 -0.32
0.29 -0.89 -0.36
0.52 -0.85 -0.05
0.38 -0.92 -0.05
0.45 -0.89 -0.10
-0.08 -0.53 -0.85
0.08 -0.49 -0.87
0.01 -0.55 -0.84
0.37 -0.38 -0.85
0.33 -0.52 -0.79
0.31 -0.45 -0.84
0.25 -0.76 -0.60
0.15 -0.70 -0.70
0.23 -0.70 -0.67
0.48 0.24 -0.85
0.60 0.16 -0.79
0.53 0.16 -0.84
0.80 0.00 -0.60
0.71 -0.08 -0.70
0.74 0.00 -0.67
0.48 -0.24 -0.85
0.49 -0.08 -0.87
0.53 -0.16 -0.84
0.97 0.24 -0.05
1.00 0.08 -0.05
0.98 0.16 -0.10
0.97 -0.24 -0.05
0.97 -0.16 -0.18
0.98 -0.16 -0.10
0.89 0.00 -0.45
0.94 0.08 -0.32
0.93 0.00 -0.36
-0.25 -0.76 0.60
-0.15 -0.70 0.70
-0.23 -0.70 0.67
0.08 -0.53 0.85
-0.08 -0.49 0.87
-0.01 -0.55 0.84
-0.37 -0.38 0.85
-0.33 -0.52 0.79
-0.31 -0.45 0.84
0.65 -0.47 0.60
0.62 -0.35 0.70
0.60 -0.43 0.67
0.52 -0.09 0.85
0.44 -0.23 0.87
0.52 -0.18 0.84
0.25 -0.47 0.85
0.39 -0.48 0.79
0.33 -0.43 0.84
0.65 0.47 0.60
0.53 0.48 0.70
0.60 0.43 0.67
0.25 0.47 0.85
0.35 0.35 0.87
0.33 0.43 0.84
0.52 0.09 0.85
0.58 0.23 0.79
0.52 0.18 0.84
-0.25 0.76 0.60
-0.29 0.65 0.70
-0.23 0.70 0.67
-0.37 0.38 0.85
-0.23 0.44 0.87
-0.31 0.45 0.84
0.08 0.53 0.85
-0.04 0.62 0.79
-0.01 0.55 0.84
-0.08 1.00 -0.04
-0.16 0.97 -0.17
-0.16 0.98 -0.08
-0.29 0.88 -0.38
-0.36 0.89 -0.28
-0.29 0.90 -0.32
-0.52 0.85 -0.04
-0.38 0.92 -0.03
-0.45 0.89 -0.08
-0.58 0.81 0.09
-0.64 0.74 0.21
-0.58 0.79 0.18
-0.69 0.59 0.43
-0.59 0.67 0.45
-0.66 0.64 0.41
-0.34 0.81 0.48
-0.43 0.83 0.36
-0.42 0.79 0.44
-0.20 0.85 0.48
-0.05 0.88 0.47
-0.13 0.89 0.44
0.21 0.88 0.43
0.15 0.93 0.33
0.16 0.90 0.41
-0.00 1.00 0.09
-0.07 0.97 0.22
0.00 0.98 0.18
-0.52 -0.85 -0.04
-0.45 -0.88 -0.17
-0.45 -0.89 -0.08
-0.29 -0.88 -0.38
-0.23 -0.93 -0.28
-0.29 -0.90 -0.32
-0.08 -1.00 -0.04
-0.23 -0.97 -0.03
-0.16 -0.98 -0.08
-0.00 -1.00 0.09
0.08 -0.97 0.21
0.00 -0.98 0.18
0.21 -0.88 0.43
0.09 -0.89 0.45
0.16 -0.90 0.41
-0.20 -0.85 0.48
-0.14 -0.92 0.36
-0.13 -0.89 0.44
-0.34 -0.81 0.48
-0.48 -0.74 0.47
-0.42 -0.79 0.44
-0.69 -0.59 0.43
-0.67 -0.67 0.33
-0.66 -0.64 0.41
-0.58 -0.81 0.09
-0.51 -0.83 0.22
-0.58 -0.79 0.18
0.08 1.00 0.04
0.16 0.97 0.17
0.16 0.98 0.08
0.29 0.88 0.38
0.36 0.89 0.28
0.29 0.90 0.32
0.52 0.85 0.04
0.38 0.92 0.03
0.45 0.89 0.08
0.58 0.81 -0.09
0.64 0.74 -0.21
0.58 0.79 -0.18
0.69 0.59 -0.43
0.59 0.67 -0.45
0.66 0.64 -0.41
0.34 0.81 -0.48
0.43 0.83 -0.36
0.42 0.79 -0.44
0.20 0.85 -0.48
0.05 0.88 -0.47
0.13 0.89 -0.44
-0.21 0.88 -0.43
-0.15 0.93 -0.33
-0.16 0.90 -0.41
0.00 1.00 -0.09
0.07 0.97 -0.22
-0.00 0.98 -0.18
-0.87 0.08 0.48
-0.85 0.22 0.47
-0.88 0.15 0.44
-0.77 0.47 0.43
-0.84 0.43 0.33
-0.81 0.43 0.41
-0.95 0.31 0.09
-0.95 0.23 0.22
-0.93 0.31 0.18
-0.97 0.23 -0.04
-0.97 0.15 -0.17
-0.98 0.16 -0.08
-0.92 0.00 -0.38
-0.96 -0.07 -0.28
-0.95 0.00 -0.32
-0.97 -0.23 -0.04
-1.00 -0.08 -0.03
-0.98 -0.16 -0.08
-0.95 -0.31 0.09
-0.90 -0.38 0.21
-0.93 -0.31 0.18
-0.77 -0.47 0.43
-0.82 -0.36 0.45
-0.81 -0.43 0.41
-0.87 -0.08 0.48
-0.92 -0.15 0.36
-0.88 -0.15 0.44
0.66 -0.57 0.48
0.56 -0.68 0.47
0.63 -0.64 0.44
0.34 -0.84 0.43
0.43 -0.84 0.33
0.40 -0.82 0.41
0.59 -0.81 0.09
0.63 -0.74 0.22
0.58 -0.80 0.18
0.65 -0.76 -0.04
0.70 -0.70 -0.17
0.70 -0.71 -0.08
0.75 -0.54 -0.38
0.82 -0.50 -0.28
0.77 -0.56 -0.32
0.92 -0.38 -0.04
0.85 -0.52 -0.03
0.89 -0.45 -0.08
0.95 -0.31 0.09
0.95 -0.23 0.21
0.94 -0.30 0.18
0.90 -0.07 0.43
0.87 -0.19 0.45
0.90 -0.13 0.41
0.75 -0.45 0.48
0.83 -0.42 0.36
0.80 -0.40 0.44
-0.82 -0.08 0.56
-0.80 -0.22 0.55
-0.79 -0.15 0.59
-0.73 -0.47 0.50
-0.67 -0.43 0.60
-0.72 -0.43 0.54
-0.50 -0.31 0.81
-0.62 -0.23 0.75
-0.58 -0.31 0.76
-0.40 -0.23 0.89
-0.29 -0.15 0.95
-0.37 -0.16 0.92
-0.07 0.00 1.00
-0.18 0.07 0.98
-0.14 0.00 0.99
-0.40 0.23 0.89
-0.42 0.08 0.91
-0.37 0.16 0.92
-0.50 0.31 0.81
-0.59 0.38 0.71
-0.58 0.31 0.76
-0.73 0.47 0.50
-0.77 0.36 0.53
-0.72 0.43 0.54
-0.82 0.08 0.56
-0.73 0.15 0.66
-0.79 0.15 0.59
0.33 0.76 -0.56
0.46 0.70 -0.55
0.39 0.71 -0.59
0.68 0.54 -0.50
0.62 0.50 -0.60
0.63 0.56 -0.54
0.45 0.38 -0.81
0.41 0.52 -0.75
0.47 0.45 -0.76
0.34 0.31 -0.89
0.23 0.23 -0.95
0.26 0.30 -0.92
0.02 0.07 -1.00
-0.01 0.19 -0.98
0.04 0.13 -0.99
-0.10 0.45 -0.89
0.05 0.42 -0.91
-0.04 0.40 -0.92
-0.14 0.57 -0.81
-0.17 0.68 -0.71
-0.12 0.64 -0.76
-0.23 0.84 -0.50
-0.10 0.84 -0.53
-0.18 0.82 -0.54
0.18 0.81 -0.56
0.08 0.74 -0.66
0.10 0.80 -0.59
-0.59 0.81 -0.09
-0.51 0.83 -0.21
-0.58 0.80 -0.18
-0.34 0.84 -0.43
-0.45 0.77 -0.45
-0.40 0.82 -0.41
-0.66 0.57 -0.48
-0.66 0.66 -0.36
-0.63 0.64 -0.44
-0.75 0.45 -0.48
-0.82 0.32 -0.47
-0.80 0.40 -0.44
-0.90 0.07 -0.43
-0.93 0.14 -0.33
-0.90 0.13 -0.41
-0.95 0.31 -0.09
-0.90 0.37 -0.22
-0.94 0.30 -0.18
-0.92 0.38 0.04
-0.88 0.45 0.17
-0.89 0.45 0.08
-0.75 0.54 0.38
-0.73 0.62 0.28
-0.77 0.56 0.32
-0.65 0.76 0.04
-0.76 0.65 0.03
-0.70 0.71 0.08
-0.19 0.42 -0.89
-0.14 0.29 -0.95
-0.20 0.34 -0.92
-0.06 0.04 -1.00
-0.18 0.04 -0.98
-0.11 0.08 -0.99
-0.46 0.05 -0.89
-0.38 0.18 -0.91
-0.39 0.09 -0.92
-0.59 0.05 -0.81
-0.70 0.05 -0.71
-0.65 0.09 -0.76
-0.87 0.04 -0.50
-0.83 0.16 -0.53
-0.84 0.08 -0.54
-0.71 0.42 -0.56
-0.68 0.31 -0.66
-0.73 0.34 -0.59
-0.62 0.54 -0.56
-0.52 0.65 -0.55
-0.55 0.59 -0.59
-0.31 0.81 -0.50
-0.29 0.74 -0.60
-0.33 0.77 -0.54
-0.23 0.54 -0.81
-0.37 0.55 -0.75
-0.28 0.59 -0.76
-0.23 -0.54 -0.81
-0.26 -0.65 -0.71
-0.28 -0.59 -0.76
-0.31 -0.81 -0.50
-0.41 -0.74 -0.53
-0.33 -0.77 -0.54
-0.62 -0.54 -0.56
-0.50 -0.55 -0.66
-0.55 -0.59 -0.59
-0.71 -0.42 -0.56
-0.78 -0.29 -0.55
-0.73 -0.34 -0.59
-0.87 -0.04 -0.50
-0.80 -0.04 -0.60
-0.84 -0.08 -0.54
-0.59 -0.05 -0.81
-0.64 -0.18 -0.75
-0.65 -0.09 -0.76
-0.46 -0.05 -0.89
-0.32 -0.05 -0.95
-0.39 -0.09 -0.92
-0.06 -0.04 -1.00
-0.10 -0.16 -0.98
-0.11 -0.08 -0.99
-0.19 -0.42 -0.89
-0.29 -0.31 -0.91
-0.20 -0.34 -0.92
0.59 0.81 0.09
0.51 0.83 0.21
0.58 0.80 0.18
0.34 0.84 0.43
0.45 0.77 0.45
0.40 0.82 0.41
0.66 0.57 0.48
0.66 0.66 0.36
0.63 0.64 0.44
0.75 0.45 0.48
0.82 0.32 0.47
0.80 0.40 0.44
0.90 0.07 0.43
0.93 0.14 0.33
0.90 0.13 0.41
0.95 0.31 0.09
0.90 0.37 0.22
0.94 0.30 0.18
0.92 0.38 -0.04
0.88 0.45 -0.17
0.89 0.45 -0.08
0.75 0.54 -0.38
0.73 0.62 -0.28
0.77 0.56 -0.32
0.65 0.76 -0.04
0.76 0.65 -0.03
0.70 0.71 -0.08
-0.65 -0.76 0.04
-0.70 -0.70 0.17
-0.70 -0.71 0.08
-0.75 -0.54 0.38
-0.82 -0.50 0.28
-0.77 -0.56 0.32
-0.92 -0.38 0.04
-0.85 -0.52 0.03
-0.89 -0.45 0.08
-0.95 -0.31 -0.09
-0.95 -0.23 -0.21
-0.94 -0.30 -0.18
-0.90 -0.07 -0.43
-0.87 -0.19 -0.45
-0.90 -0.13 -0.41
-0.75 -0.45 -0.48
-0.83 -0.42 -0.36
-0.80 -0.40 -0.44
-0.66 -0.57 -0.48
-0.56 -0.68 -0.47
-0.63 -0.64 -0.44
-0.34 -0.84 -0.43
-0.43 -0.84 -0.33
-0.40 -0.82 -0.41
-0.59 -0.81 -0.09
-0.63 -0.74 -0.22
-0.58 -0.80 -0.18
0.00 -1.00 -0.09
-0.08 -0.97 -0.21
-0.00 -0.98 -0.18
-0.21 -0.88 -0.43
-0.09 -0.89 -0.45
-0.16 -0.90 -0.41
0.20 -0.85 -0.48
0.14 -0.92 -0.36
0.13 -0.89 -0.44
0.34 -0.81 -0.48
0.48 -0.74 -0.47
0.42 -0.79 -0.44
0.69 -0.59 -0.43
0.67 -0.67 -0.33
0.66 -0.64 -0.41
0.58 -0.81 -0.09
0.51 -0.83 -0.22
0.58 -0.79 -0.18
0.52 -0.85 0.04
0.45 -0.88 0.17
0.45 -0.89 0.08
0.29 -0.88 0.38
0.23 -0.93 0.28
0.29 -0.90 0.32
0.08 -1.00 0.04
0.23 -0.97 0.03
0.16 -0.98 0.08
-0.10 -0.45 -0.89
-0.06 -0.32 -0.95
-0.04 -0.40 -0.92
0.02 -0.07 -1.00
0.12 -0.14 -0.98
0.04 -0.13 -0.99
0.34 -0.31 -0.89
0.20 -0.37 -0.91
0.26 -0.30 -0.92
0.45 -0.38 -0.81
0.54 -0.45 -0.71
0.47 -0.45 -0.76
0.68 -0.54 -0.50
0.58 -0.62 -0.53
0.63 -0.56 -0.54
0.33 -0.76 -0.56
0.37 -0.65 -0.66
0.39 -0.71 -0.59
0.18 -0.81 -0.56
0.04 -0.83 -0.55
0.10 -0.80 -0.59
-0.23 -0.84 -0.50
-0.20 -0.77 -0.60
-0.18 -0.82 -0.54
-0.14 -0.57 -0.81
-0.03 -0.66 -0.75
-0.12 -0.64 -0.76
0.50 0.31 -0.81
0.59 0.38 -0.71
0.58 0.31 -0.76
0.73 0.47 -0.50
0.77 0.36 -0.53
0.72 0.43 -0.54
0.82 0.08 -0.56
0.73 0.15 -0.66
0.79 0.15 -0.59
0.82 -0.08 -0.56
0.80 -0.22 -0.55
0.79 -0.15 -0.59
0.73 -0.47 -0.50
0.67 -0.43 -0.60
0.72 -0.43 -0.54
0.50 -0.31 -0.81
0.62 -0.23 -0.75
0.58 -0.31 -0.76
0.40 -0.23 -0.89
0.29 -0.15 -0.95
0.37 -0.16 -0.92
0.07 0.00 -1.00
0.18 0.07 -0.98
0.14 0.00 -0.99
0.40 0.23 -0.89
0.42 0.08 -0.91
0.37 0.16 -0.92
0.97 0.23 0.04
0.97 0.15 0.17
0.98 0.16 0.08
0.92 -0.00 0.38
0.96 -0.07 0.28
0.95 -0.00 0.32
0.97 -0.23 0.04
1.00 -0.08 0.03
0.98 -0.16 0.08
0.95 -0.31 -0.09
0.90 -0.38 -0.21
0.93 -0.31 -0.18
0.77 -0.47 -0.43
0.82 -0.36 -0.45
0.81 -0.43 -0.41
0.87 -0.08 -0.48
0.92 -0.15 -0.36
0.88 -0.15 -0.44
0.87 0.08 -0.48
0.85 0.22 -0.47
0.88 0.15 -0.44
0.77 0.47 -0.43
0.84 0.43 -0.33
0.81 0.43 -0.41
0.95 0.31 -0.09
0.95 0.23 -0.22
0.93 0.31 -0.18
-0.18 -0.81 0.56
-0.04 -0.83 0.55
-0.10 -0.80 0.59
0.23 -0.84 0.50
0.20 -0.77 0.60
0.18 -0.82 0.54
0.14 -0.57 0.81
0.03 -0.66 0.75
0.12 -0.64 0.76
0.10 -0.45 0.89
0.06 -0.32 0.95
0.04 -0.40 0.92
-0.02 -0.07 1.00
-0.12 -0.14 0.98
-0.04 -0.13 0.99
-0.34 -0.31 0.89
-0.20 -0.37 0.91
-0.26 -0.30 0.92
-0.45 -0.38 0.81
-0.54 -0.45 0.71
-0.47 -0.45 0.76
-0.68 -0.54 0.50
-0.58 -0.62 0.53
-0.63 -0.56 0.54
-0.33 -0.76 0.56
-0.37 -0.65 0.66
-0.39 -0.71 0.59
0.71 -0.42 0.56
0.78 -0.29 0.55
0.73 -0.34 0.59
0.87 -0.04 0.50
0.80 -0.04 0.60
0.84 -0.08 0.54
0.59 -0.05 0.81
0.64 -0.18 0.75
0.65 -0.09 0.76
0.46 -0.05 0.89
0.32 -0.05 0.95
0.39 -0.09 0.92
0.06 -0.04 1.00
0.10 -0.16 0.98
0.11 -0.08 0.99
0.19 -0.42 0.89
0.29 -0.31 0.91
0.20 -0.34 0.92
0.23 -0.54 0.81
0.26 -0.65 0.71
0.28 -0.59 0.76
0.31 -0.81 0.50
0.41 -0.74 0.53
0.33 -0.77 0.54
0.62 -0.54 0.56
0.50 -0.55 0.66
0.55 -0.59 0.59
0.62 0.54 0.56
0.52 0.65 0.55
0.55 0.59 0.59
0.31 0.81 0.50
0.29 0.74 0.60
0.33 0.77 0.54
0.23 0.54 0.81
0.37 0.55 0.75
0.28 0.59 0.76
0.19 0.42 0.89
0.14 0.29 0.95
0.20 0.34 0.92
0.06 0.04 1.00
0.18 0.04 0.98
0.11 0.08 0.99
0.46 0.05 0.89
0.38 0.18 0.91
0.39 0.09 0.92
0.59 0.05 0.81
0.70 0.05 0.71
0.65 0.09 0.76
0.87 0.04 0.50
0.83 0.16 0.53
0.84 0.08 0.54
0.71 0.42 0.56
0.68 0.31 0.66
0.73 0.34 0.59
-0.33 0.76 0.56
-0.46 0.70 0.55
-0.39 0.71 0.59
-0.68 0.54 0.50
-0.62 0.50 0.60
-0.63 0.56 0.54
-0.45 0.38 0.81
-0.41 0.52 0.75
-0.47 0.45 0.76
-0.34 0.31 0.89
-0.23 0.23 0.95
-0.26 0.30 0.92
-0.02 0.07 1.00
0.01 0.19 0.98
-0.04 0.13 0.99
0.10 0.45 0.89
-0.05 0.42 0.91
0.04 0.40 0.92
0.14 0.57 0.81
0.17 0.68 0.71
0.12 0.64 0.76
0.23 0.84 0.50
0.10 0.84 0.53
0.18 0.82 0.54
-0.18 0.81 0.56
-0.08 0.74 0.66
-0.10 0.80 0.59
