642
8.24350706430324e-17 0. -6.
-1.0851941927887782e-17 0. 6.
-5.366563145999495 0. -2.6832815729997477
5.366563145999495 0. 2.6832815729997477
4.341640786499874 -3.1543866727148 -2.6832815729997477
4.341640786499875 3.1543866727148 -2.683281572999748
-4.341640786499876 -3.1543866727148 2.6832815729997477
-4.341640786499876 3.1543866727148 2.6832815729997477
-1.6583592135001273 -5.103904850112239 -2.683281572999749
-1.6583592135001273 5.10390485011224 -2.683281572999749
1.6583592135001273 -5.103904850112239 2.683281572999749
1.6583592135001273 5.10390485011224 2.683281572999749
1.5092169525150182e-17 6. -2.1443559977183708e-17
-3.52671151375484 4.854101966249683 -2.1443559977183708e-17
-1.577193336357401 4.854101966249683 3.1543866727148018
-3.52671151375484 -4.854101966249684 -2.1443559977183708e-17
3.060895254807674e-17 -6. -2.1443559977183708e-17
-1.5771933363574013 -4.854101966249684 3.154386672714802
3.52671151375484 4.854101966249683 -2.1443559977183708e-17
1.577193336357401 4.854101966249683 -3.1543866727148018
-5.10390485011224 0. 3.1543866727148
-5.706339097770922 1.854101966249683 -2.1443559977183708e-17
-5.706339097770922 -1.854101966249683 -2.1443559977183708e-17
4.129145761413522 -2.9999999999999982 3.154386672714801
3.52671151375484 -4.854101966249684 -2.1443559977183708e-17
5.706339097770922 -1.8541019662496847 -2.1443559977183708e-17
-2.5519524250561196 -1.854101966249683 5.103904850112239
-2.5519524250561205 1.854101966249683 5.103904850112239
2.55195242505612 1.854101966249683 -5.103904850112239
-0.9747590886987195 3. -5.10390485011224
-4.129145761413522 3. -3.1543866727148018
-3.1543866727148018 0. -5.103904850112239
-0.9747590886987194 -3. -5.10390485011224
-4.129145761413522 -2.9999999999999982 -3.154386672714802
4.129145761413522 3. 3.1543866727148018
5.706339097770922 1.854101966249683 -2.1443559977183708e-17
1.5771933363574013 -4.854101966249684 -3.154386672714802
2.5519524250561205 -1.854101966249683 -5.103904850112239
5.10390485011224 0. -3.154386672714801
0.9747590886987194 -2.9999999999999982 5.10390485011224
3.154386672714801 0. 5.103904850112239
0.9747590886987194 2.9999999999999982 5.10390485011224
0.9303877426839643 5.733075311560935 1.505398990378945
-2.61711762322812 5.185023551147559 -1.505398990378945
-3.190115267578276 4.091287163020922 3.014056059409678
-4.122516613607067 -4.091287163020922 1.505398990378945
-0.9303877426839643 -5.733075311560934 -1.505398990378945
0.17605920816859755 -5.18502355114756 3.014056059409679
2.61711762322812 5.185023551147559 1.505398990378945
3.190115267578276 4.091287163020922 -3.014056059409678
-4.876845148122433 -1.7697026507214435 3.014056059409677
-5.164973009623404 2.656469026664496 1.5053989903789442
-5.739984257318384 -0.8867663759430524 -1.505398990378945
4.985655722803018 -1.4348181363564247 3.0140560594096772
2.6171176232281215 -5.185023551147559 1.505398990378945
5.164973009623404 -2.656469026664496 -1.5053989903789442
-3.65631594059267 -2.656469026664496 3.946457405438468
-1.2205292075297616 0.8867663759430524 5.807232890806395
3.65631594059267 2.656469026664496 -3.946457405438468
-0.4662006730143948 1.4348181363564247 -5.807232890806395
-2.9052454847290927 4.298257175204505 -3.014056059409679
-1.508657069030733 0. -5.807232890806395
-0.4662006730143948 -1.4348181363564247 -5.807232890806395
-2.905245484729093 -4.298257175204506 -3.014056059409679
2.9052454847290927 4.298257175204505 3.014056059409679
5.739984257318384 0.8867663759430524 1.505398990378945
-0.1760592081685975 -5.18502355114756 -3.014056059409679
1.2205292075297616 -0.8867663759430524 -5.807232890806395
4.876845148122432 1.7697026507214435 -3.0140560594096772
1.3965884156983595 -4.298257175204506 3.9464574054384682
4.519455049788624 0. 3.9464574054384673
1.396588415698359 4.298257175204505 3.9464574054384682
-0.9303877426839644 5.733075311560935 -1.505398990378945
-4.122516613607067 4.091287163020922 1.505398990378945
0.1760592081685976 5.185023551147559 3.014056059409679
-2.6171176232281215 -5.185023551147559 -1.505398990378945
0.9303877426839644 -5.733075311560934 1.505398990378945
-3.190115267578276 -4.091287163020922 3.014056059409678
4.122516613607067 4.091287163020922 -1.505398990378945
-0.17605920816859755 5.185023551147559 -3.014056059409679
-4.876845148122433 1.7697026507214435 3.014056059409677
-5.739984257318384 0.8867663759430524 -1.505398990378945
-5.164973009623404 -2.656469026664496 1.505398990378945
2.905245484729093 -4.2982571752045065 3.014056059409679
4.122516613607067 -4.091287163020922 -1.505398990378945
5.739984257318384 -0.8867663759430524 1.505398990378945
-1.2205292075297614 -0.8867663759430524 5.807232890806395
-3.65631594059267 2.656469026664496 3.9464574054384673
1.2205292075297614 0.8867663759430524 -5.807232890806395
-1.3965884156983592 4.298257175204505 -3.946457405438468
-4.985655722803018 1.4348181363564265 -3.014056059409678
-4.519455049788623 0. -3.9464574054384673
-1.3965884156983592 -4.298257175204506 -3.946457405438468
-4.985655722803018 -1.4348181363564265 -3.014056059409679
4.985655722803018 1.4348181363564265 3.014056059409678
5.164973009623403 2.656469026664496 -1.5053989903789446
3.190115267578276 -4.091287163020922 -3.014056059409678
3.65631594059267 -2.656469026664496 -3.9464574054384673
4.876845148122432 -1.7697026507214435 -3.0140560594096772
0.4662006730143948 -1.4348181363564247 5.807232890806395
1.508657069030733 0. 5.807232890806395
0.4662006730143949 1.4348181363564247 5.807232890806395
-1.854018157049311 5.706081159574662 0.05704799451821443
-2.6418799665541552 5.133666048778135 1.6327716135279027
-0.8801674036253326 5.706081159574662 1.6327716135279031
-1.854018157049311 -5.706081159574662 0.05704799451821443
-0.8801674036253329 -5.706081159574662 1.6327716135279031
-2.6418799665541552 -5.133666048778135 1.6327716135279031
1.854018157049311 5.706081159574662 -0.05704799451821447
2.641879966554155 5.133666048778135 -1.6327716135279025
0.8801674036253326 5.706081159574662 -1.6327716135279031
-5.6987923549375905 0.9261871049428176 1.6327716135279018
-5.999728787730446 0. 0.0570479945182144
-5.698792354937591 -0.9261871049428176 1.6327716135279018
4.06602074140969 -4.098967209979081 1.6327716135279025
4.853882550914534 -3.5265520991825525 0.05704799451821441
5.154818983707388 -2.600364994239735 1.6327716135279022
-4.008972746891475 -0.9261871049428176 4.366957174202543
-2.734185560674643 0. 5.340807927626521
-4.008972746891474 0.9261871049428176 4.366957174202543
2.1196969902398917 3.5265520991825525 -4.366957174202545
0.8449098040230585 2.600364994239735 -5.340807927626522
0.3579844273110698 4.0989672099790795 -4.366957174202545
-4.06602074140969 4.0989672099790795 -1.6327716135279025
-5.154818983707389 2.600364994239735 -1.6327716135279022
-4.853882550914534 3.5265520991825525 -0.05704799451821445
-2.212002584360379 1.6071139495955808 -5.340807927626521
-3.7877262033700676 1.6071139495955808 -4.366957174202544
-2.6989279610723678 3.1057161653349254 -4.366957174202544
-2.6989279610723678 -3.1057161653349254 -4.366957174202544
-3.7877262033700676 -1.6071139495955808 -4.366957174202544
-2.212002584360379 -1.6071139495955808 -5.340807927626521
4.06602074140969 4.0989672099790795 1.6327716135279025
5.154818983707389 2.600364994239735 1.6327716135279022
4.853882550914534 3.5265520991825525 0.05704799451821441
-4.853882550914534 -3.5265520991825525 -0.05704799451821445
-5.154818983707388 -2.600364994239735 -1.6327716135279022
-4.06602074140969 -4.098967209979081 -1.6327716135279025
0.8801674036253329 -5.706081159574662 -1.6327716135279031
2.6418799665541544 -5.133666048778134 -1.6327716135279025
1.854018157049311 -5.706081159574662 -0.05704799451821447
0.8449098040230585 -2.6003649942397367 -5.340807927626522
2.119696990239891 -3.5265520991825525 -4.366957174202545
0.3579844273110696 -4.098967209979081 -4.366957174202545
4.008972746891474 0.9261871049428176 -4.366957174202543
4.008972746891474 -0.9261871049428176 -4.366957174202543
2.734185560674643 0. -5.340807927626521
5.999728787730446 0. -0.05704799451821444
5.698792354937591 -0.9261871049428176 -1.6327716135279022
5.6987923549375905 0.9261871049428176 -1.6327716135279018
-0.3579844273110696 -4.098967209979081 4.366957174202545
-0.8449098040230585 -2.6003649942397367 5.340807927626522
-2.119696990239891 -3.5265520991825525 4.366957174202545
3.7877262033700676 -1.6071139495955808 4.366957174202544
2.212002584360379 -1.6071139495955808 5.340807927626521
2.6989279610723678 -3.1057161653349254 4.366957174202544
2.6989279610723678 3.1057161653349254 4.366957174202544
2.212002584360379 1.6071139495955808 5.340807927626521
3.7877262033700676 1.6071139495955808 4.366957174202544
-2.1196969902398917 3.5265520991825525 4.366957174202545
-0.8449098040230585 2.600364994239735 5.340807927626522
-0.35798442731106955 4.0989672099790795 4.366957174202545
1.3345759244647866 5.436537993735747 2.1593892063513365
-2.115822253069916 5.182695673962293 -2.1593892063513365
-3.843349110402764 3.6138075810323045 2.8581571655246183
-4.275211459421252 -3.6138075810323045 2.159389206351336
-1.3345759244647866 -5.436537993735747 -2.1593892063513365
0.9851919448781454 -5.1826956739622965 2.858157165524619
2.115822253069916 5.182695673962293 2.1593892063513365
3.843349110402764 3.6138075810323045 -2.8581571655246183
-4.624595439007892 -2.5385142589057246 2.8581571655246174
-4.758048244085289 2.949239760082289 2.1593892063513356
-5.582861525971839 -0.4107255011765645 -2.159389206351336
5.233477546385197 -0.6645678209500154 2.858157165524618
2.115822253069916 -5.182695673962295 2.159389206351337
4.758048244085289 -2.949239760082289 -2.1593892063513356
-4.059280284912008 -2.949239760082289 3.2900195145431055
-0.565315154095885 0.4107255011765645 5.959171363472677
4.059280284912008 2.949239760082289 -3.2900195145431055
-0.21593117450924368 0.6645678209500154 -5.959171363472677
-2.2492750581473127 4.771970172785732 -2.858157165524619
-0.6987679591732826 0. -5.959171363472677
-0.21593117450924373 -0.6645678209500154 -5.959171363472677
-2.2492750581473127 -4.771970172785731 -2.858157165524619
2.2492750581473127 4.771970172785732 2.858157165524619
5.582861525971839 0.4107255011765645 2.159389206351336
-0.9851919448781454 -5.1826956739622965 -2.858157165524619
0.5653151540958851 -0.4107255011765645 -5.959171363472677
4.624595439007892 2.5385142589057246 -2.858157165524618
1.5505070989740304 -4.771970172785731 3.290019514543106
5.017546371875954 0. 3.2900195145431055
1.5505070989740304 4.771970172785732 3.290019514543106
-0.47581051307396444 5.931348317527018 -0.7698775823582006
-3.8712978584312556 4.518887185966015 0.7698775823582006
-0.6983978694166514 5.078235990907199 3.118294347339432
-3.101420276073055 -5.078235990907199 -0.7698775823582006
0.47581051307396455 -5.931348317527018 0.7698775823582006
-2.419896477922781 -4.518887185966017 3.118294347339432
3.871297858431255 4.518887185966015 -0.7698775823582005
0.6983978694166514 5.078235990907199 -3.118294347339432
-5.04550624092187 0.9050453779614678 3.1182943473394307
-5.788081002442484 1.3803647406923663 -0.7698775823582003
-5.494013933158249 -2.285410118653834 0.7698775823582005
3.549927968309433 -3.697871250214833 3.118294347339432
3.871297858431255 -4.518887185966017 -0.7698775823582005
5.788081002442484 -1.3803647406923663 0.7698775823582003
-1.8999090727448533 -1.3803647406923663 5.521316753995834
-3.1455971681770176 2.285410118653834 4.569695727847905
1.8999090727448529 1.3803647406923663 -5.521316753995834
-1.201511203328202 3.697871250214833 -4.569695727847906
-4.613872619951869 2.233477067312183 -3.1182943473394316
-3.8881719296976325 0. -4.569695727847905
-1.2015112033282018 -3.697871250214833 -4.569695727847905
-4.613872619951869 -2.233477067312183 -3.1182943473394316
4.613872619951869 2.233477067312183 3.1182943473394316
5.494013933158248 2.2854101186538323 -0.7698775823582
2.419896477922781 -4.518887185966017 -3.118294347339432
3.1455971681770176 -2.285410118653834 -4.569695727847905
5.04550624092187 -0.9050453779614678 -3.1182943473394307
0.7257006902542376 -2.233477067312183 5.521316753995834
2.3484167649812315 0. 5.521316753995834
0.7257006902542376 2.233477067312183 5.521316753995834
-2.7249826633125256 5.345354106347841 0.04073036209572011
-2.1265395556431015 5.062199614593236 2.41908341739125
-0.4556318333962063 5.92618693523508 0.8201878083982017
-0.9373630279953364 -5.926186935235082 0.040730362095720125
-1.25507963789273 -5.345354106347841 2.4190834173912497
-3.1147113864637674 -5.062199614593236 0.8201878083982015
2.7249826633125256 5.345354106347841 -0.04073036209572015
2.126539555643101 5.062199614593236 -2.4190834173912497
0.4556318333962064 5.92618693523508 -0.8201878083982017
-5.776936681236172 1.397960850647456 0.8201878083982012
-5.925799807087848 -0.9398072589213058 0.0407303620957201
-5.471574792149981 -0.4581535917261501 2.4190834173912483
3.8519391792552575 -4.526572270302695 0.8201878083982015
5.346477595989212 -2.7227776907395445 0.0407303620957201
4.695892917344364 -2.845456927900635 2.4190834173912488
-3.3171229017492028 -1.397960850647456 4.800250109603455
-2.6865285812983983 0.9398072589213058 5.281981304202584
-4.61065662165606 0.4581535917261501 3.8120782787827894
2.3545871256046222 2.7227776907395445 -4.800250109603456
-0.06362683016337212 2.845456927900635 -5.281981304202586
0.98904129244392 4.526572270302694 -3.812078278782791
-4.157301068341448 3.586765011381388 -2.419083417391249
-5.495340721840887 2.2646240990133943 -0.8201878083982012
-4.2416679024064985 4.243417778548093 -0.04073036209572015
-2.7258521249357788 0.8187818360451455 -5.281981304202584
-3.9993954866485923 2.33942192385369 -3.812078278782791
-1.8619080286526293 3.080730007334445 -4.800250109603456
-3.4608036376456766 -3.080730007334445 -3.812078278782791
-3.50530957123826 -0.8187818360451455 -4.800250109603455
-1.6210424313530645 -2.33942192385369 -5.281981304202584
4.157301068341448 3.586765011381388 2.419083417391249
5.495340721840887 2.2646240990133943 0.8201878083982012
4.2416679024064985 4.243417778548093 0.04073036209572011
-5.346477595989212 -2.7227776907395445 -0.04073036209572014
-4.695892917344364 -2.845456927900635 -2.4190834173912488
-3.8519391792552575 -4.526572270302695 -0.8201878083982015
1.25507963789273 -5.345354106347841 -2.4190834173912497
3.1147113864637666 -5.062199614593236 -0.8201878083982015
0.9373630279953364 -5.926186935235082 -0.04073036209572017
1.7239928051538171 -2.2646240990133943 -5.281981304202584
1.8605012101942902 -4.243417778548091 -3.8120782787827916
-0.30449242746293703 -3.586765011381388 -4.800250109603457
4.61065662165606 0.4581535917261501 -3.8120782787827894
3.3171229017492037 -1.397960850647456 -4.800250109603455
2.6865285812983974 0.9398072589213058 -5.281981304202584
5.925799807087848 -0.9398072589213058 -0.04073036209572014
5.471574792149981 -0.4581535917261501 -2.4190834173912483
5.776936681236172 1.397960850647456 -0.8201878083982012
0.3044924274629371 -3.586765011381388 4.800250109603457
-1.7239928051538171 -2.2646240990133943 5.281981304202586
-1.8605012101942902 -4.243417778548091 3.8120782787827916
3.50530957123826 -0.8187818360451455 4.800250109603455
1.6210424313530645 -2.33942192385369 5.281981304202586
3.4608036376456766 -3.080730007334445 3.812078278782791
1.8619080286526288 3.0807300073344432 4.800250109603456
2.7258521249357788 0.8187818360451455 5.281981304202584
3.9993954866485923 2.33942192385369 3.812078278782791
-2.3545871256046236 2.7227776907395445 4.800250109603456
0.0636268301633722 2.845456927900635 5.281981304202586
-0.98904129244392 4.526572270302694 3.8120782787827916
0.47581051307396455 5.931348317527018 0.7698775823582006
-3.101420276073055 5.078235990907199 -0.7698775823582006
-2.419896477922781 4.518887185966015 3.118294347339432
-3.8712978584312556 -4.518887185966017 0.7698775823582006
-0.47581051307396444 -5.931348317527018 -0.7698775823582006
-0.698397869416651 -5.078235990907199 3.118294347339432
3.101420276073055 5.078235990907199 0.7698775823582006
2.419896477922781 4.518887185966015 -3.118294347339432
-5.04550624092187 -0.9050453779614678 3.1182943473394307
-5.494013933158249 2.285410118653834 0.7698775823582005
-5.788081002442484 -1.3803647406923663 -0.7698775823582003
4.613872619951869 -2.233477067312183 3.1182943473394316
3.101420276073056 -5.078235990907199 0.7698775823582006
5.494013933158249 -2.285410118653834 -0.7698775823582005
-3.145597168177017 -2.2854101186538323 4.569695727847906
-1.8999090727448533 1.3803647406923663 5.521316753995834
3.145597168177017 2.2854101186538323 -4.569695727847906
-0.7257006902542376 2.233477067312183 -5.521316753995834
-3.549927968309433 3.697871250214833 -3.118294347339432
-2.348416764981231 0. -5.521316753995834
-0.7257006902542376 -2.233477067312183 -5.521316753995834
-3.549927968309433 -3.697871250214833 -3.1182943473394316
3.549927968309433 3.697871250214833 3.118294347339432
5.788081002442484 1.3803647406923645 0.7698775823582
0.698397869416651 -5.078235990907199 -3.118294347339432
1.8999090727448529 -1.3803647406923663 -5.521316753995834
5.04550624092187 0.9050453779614678 -3.1182943473394307
1.2015112033282018 -3.697871250214831 4.569695727847906
3.8881719296976316 0. 4.569695727847906
1.2015112033282018 3.697871250214833 4.569695727847906
-1.3345759244647866 5.436537993735747 -2.1593892063513365
-4.275211459421252 3.6138075810323045 2.159389206351336
0.9851919448781454 5.1826956739622965 2.858157165524619
-2.115822253069916 -5.182695673962295 -2.1593892063513365
1.3345759244647866 -5.436537993735747 2.1593892063513365
-3.843349110402764 -3.6138075810323045 2.8581571655246183
4.275211459421252 3.6138075810323045 -2.159389206351336
-0.9851919448781454 5.1826956739622965 -2.858157165524619
-4.624595439007892 2.5385142589057246 2.8581571655246174
-5.582861525971839 0.4107255011765645 -2.159389206351336
-4.758048244085289 -2.949239760082289 2.1593892063513356
2.2492750581473127 -4.77197017278573 2.858157165524619
4.275211459421252 -3.6138075810323045 -2.1593892063513356
5.582861525971839 -0.4107255011765645 2.159389206351336
-0.565315154095885 -0.4107255011765645 5.959171363472677
-4.059280284912008 2.949239760082289 3.290019514543105
0.5653151540958851 0.4107255011765645 -5.959171363472677
-1.5505070989740304 4.771970172785732 -3.290019514543106
-5.233477546385197 0.6645678209500154 -2.858157165524618
-5.017546371875954 0. -3.2900195145431055
-1.5505070989740304 -4.771970172785731 -3.290019514543106
-5.233477546385197 -0.6645678209500154 -2.858157165524618
5.233477546385197 0.6645678209500154 2.858157165524618
4.758048244085289 2.949239760082289 -2.1593892063513356
3.843349110402764 -3.6138075810323045 -2.8581571655246183
4.059280284912008 -2.949239760082289 -3.290019514543105
4.624595439007892 -2.5385142589057246 -2.858157165524618
0.2159311745092437 -0.6645678209500154 5.959171363472677
0.6987679591732826 0. 5.959171363472677
0.2159311745092438 0.6645678209500154 5.959171363472677
-0.9373630279953364 5.92618693523508 0.040730362095720125
-3.1147113864637674 5.062199614593236 0.8201878083982015
-1.2550796378927302 5.345354106347841 2.4190834173912497
-2.7249826633125256 -5.345354106347841 0.04073036209572011
-0.4556318333962063 -5.926186935235082 0.8201878083982017
-2.1265395556431006 -5.062199614593236 2.41908341739125
0.9373630279953364 5.92618693523508 -0.04073036209572017
3.1147113864637666 5.062199614593236 -0.8201878083982015
1.2550796378927302 5.345354106347841 -2.4190834173912497
-5.471574792149981 0.4581535917261501 2.4190834173912483
-5.925799807087848 0.9398072589213058 0.0407303620957201
-5.776936681236172 -1.397960850647456 0.8201878083982012
4.157301068341448 -3.586765011381388 2.419083417391249
4.2416679024064985 -4.243417778548091 0.04073036209572011
5.495340721840887 -2.2646240990133943 0.8201878083982012
-4.61065662165606 -0.4581535917261501 3.8120782787827894
-2.6865285812983974 -0.9398072589213058 5.281981304202584
-3.3171229017492037 1.397960850647456 4.800250109603455
1.8605012101942904 4.243417778548093 -3.8120782787827916
1.7239928051538171 2.2646240990133943 -5.281981304202586
-0.30449242746293703 3.586765011381388 -4.800250109603457
-3.8519391792552575 4.526572270302694 -0.8201878083982015
-4.695892917344364 2.845456927900635 -2.4190834173912488
-5.346477595989212 2.7227776907395445 -0.04073036209572014
-1.6210424313530645 2.33942192385369 -5.281981304202584
-3.50530957123826 0.8187818360451455 -4.800250109603455
-3.4608036376456766 3.080730007334445 -3.812078278782791
-1.8619080286526293 -3.080730007334445 -4.800250109603456
-3.9993954866485923 -2.33942192385369 -3.812078278782791
-2.7258521249357788 -0.8187818360451455 -5.281981304202584
3.8519391792552575 4.526572270302694 0.8201878083982013
4.695892917344364 2.845456927900635 2.4190834173912488
5.346477595989212 2.7227776907395445 0.04073036209572009
-4.2416679024064985 -4.243417778548091 -0.04073036209572015
-5.495340721840887 -2.2646240990133943 -0.8201878083982012
-4.157301068341448 -3.586765011381388 -2.419083417391249
0.4556318333962064 -5.926186935235082 -0.8201878083982017
2.1265395556431 -5.062199614593236 -2.4190834173912497
2.7249826633125256 -5.345354106347841 -0.04073036209572015
-0.06362683016337216 -2.845456927900635 -5.281981304202586
2.3545871256046227 -2.7227776907395445 -4.800250109603456
0.9890412924439198 -4.526572270302696 -3.8120782787827916
3.3171229017492028 1.397960850647456 -4.800250109603455
4.61065662165606 -0.4581535917261501 -3.8120782787827894
2.6865285812983983 -0.9398072589213058 -5.281981304202584
5.925799807087848 0.9398072589213058 -0.04073036209572014
5.776936681236172 -1.397960850647456 -0.8201878083982012
5.471574792149981 0.4581535917261501 -2.4190834173912483
-0.98904129244392 -4.526572270302695 3.8120782787827916
0.06362683016337214 -2.845456927900635 5.281981304202586
-2.354587125604623 -2.7227776907395445 4.800250109603456
3.9993954866485923 -2.33942192385369 3.812078278782791
2.7258521249357788 -0.8187818360451455 5.281981304202584
1.8619080286526288 -3.0807300073344432 4.800250109603456
3.4608036376456766 3.080730007334445 3.812078278782791
1.6210424313530645 2.33942192385369 5.281981304202586
3.50530957123826 0.8187818360451455 4.800250109603455
-1.8605012101942904 4.243417778548093 3.8120782787827916
-1.7239928051538171 2.2646240990133943 5.281981304202584
0.3044924274629371 3.586765011381388 4.800250109603457
-1.38179927866956 5.77592560533521 0.8539989198478758
-2.277104789895798 5.485023210591937 0.8539989198478758
-1.782192075415974 5.485023210591937 1.654784513340703
-2.277104789895798 -5.485023210591937 0.8539989198478758
-1.38179927866956 -5.775925605335212 0.8539989198478758
-1.782192075415974 -5.485023210591937 1.654784513340703
1.38179927866956 5.77592560533521 -0.8539989198478758
2.277104789895798 5.485023210591937 -0.8539989198478758
1.782192075415974 5.485023210591937 -1.654784513340703
-5.7672947050075205 0. 1.6547845133407022
-5.920231144514021 0.4706899621033589 0.8539989198478752
-5.920231144514021 -0.4706899621033589 0.8539989198478752
4.6658394279197335 -3.3899307732278885 1.6547845133407022
4.512902988413233 -3.8606207353312456 0.8539989198478752
5.066232224666147 -3.099028378484613 0.8539989198478755
-4.05929686531177 0. 4.41838307067982
-3.4114477113254447 -0.4706899621033589 4.913295785159645
-3.4114477113254447 0.4706899621033589 4.913295785159645
1.254391716594289 3.8606207353312474 -4.4183830706798215
1.5018480738342006 3.099028378484613 -4.9132957851596455
0.6065425626079635 3.3899307732278885 -4.9132957851596455
-4.512902988413233 3.8606207353312456 -0.8539989198478752
-4.6658394279197335 3.3899307732278885 -1.6547845133407022
-5.066232224666147 3.0990283784846113 -0.8539989198478755
-2.483254555757347 2.385994832107322 -4.9132957851596455
-3.0365837920102616 1.6244024752606876 -4.9132957851596455
-3.284040149250174 2.385994832107322 -4.4183830706798215
-2.483254555757347 -2.385994832107322 -4.9132957851596455
-3.284040149250174 -2.385994832107322 -4.4183830706798215
-3.0365837920102616 -1.6244024752606876 -4.9132957851596455
4.512902988413233 3.8606207353312456 0.8539989198478752
4.6658394279197335 3.3899307732278885 1.6547845133407022
5.066232224666147 3.099028378484613 0.8539989198478755
-4.512902988413233 -3.8606207353312456 -0.8539989198478752
-5.066232224666147 -3.0990283784846113 -0.8539989198478755
-4.6658394279197335 -3.3899307732278885 -1.6547845133407022
1.38179927866956 -5.775925605335212 -0.8539989198478758
1.782192075415974 -5.485023210591937 -1.654784513340703
2.277104789895798 -5.485023210591937 -0.8539989198478758
0.6065425626079635 -3.3899307732278885 -4.9132957851596455
1.5018480738342006 -3.099028378484613 -4.9132957851596455
1.254391716594289 -3.8606207353312474 -4.4183830706798215
3.4114477113254447 0.4706899621033589 -4.913295785159645
4.05929686531177 0. -4.41838307067982
3.4114477113254447 -0.4706899621033589 -4.913295785159645
5.920231144514021 0.4706899621033589 -0.8539989198478752
5.920231144514021 -0.4706899621033589 -0.8539989198478752
5.7672947050075205 0. -1.6547845133407022
-1.254391716594289 -3.8606207353312474 4.4183830706798215
-0.6065425626079635 -3.3899307732278885 4.9132957851596455
-1.5018480738342006 -3.0990283784846113 4.9132957851596455
3.284040149250174 -2.385994832107322 4.4183830706798215
3.0365837920102616 -1.6244024752606876 4.9132957851596455
2.483254555757347 -2.385994832107322 4.9132957851596455
3.284040149250174 2.385994832107322 4.4183830706798215
2.483254555757347 2.385994832107322 4.9132957851596455
3.0365837920102616 1.6244024752606876 4.9132957851596455
-1.254391716594289 3.8606207353312474 4.4183830706798215
-1.5018480738342006 3.0990283784846113 4.9132957851596455
-0.6065425626079632 3.3899307732278885 4.9132957851596455
-1.3931522798499851 5.789276576720027 -0.7371590353442055
-1.797529574502413 5.532227179031711 -1.470833052515483
-2.2757675230874495 5.502497499996778 -0.7371590353442055
-3.4322174522360087 4.662287444961564 1.575740822952913
-3.665714033688701 4.174911719274178 2.265535865857094
-2.9443197453698415 4.662287444961564 2.365175895695506
-0.35841909121884574 5.502497499996778 2.365175895695506
0.5116734115605219 5.532227179031711 2.2655358658570943
0.03629844515245034 5.789276576720027 1.5757408229529135
-2.2757675230874495 -5.50249749999678 -0.7371590353442055
-1.797529574502413 -5.53222717903171 -1.470833052515483
-1.3931522798499851 -5.789276576720029 -0.7371590353442055
0.03629844515245034 -5.789276576720029 1.5757408229529135
0.5116734115605219 -5.532227179031711 2.2655358658570943
-0.35841909121884574 -5.50249749999678 2.365175895695506
-2.9443197453698415 -4.662287444961565 2.365175895695506
-3.665714033688701 -4.174911719274177 2.265535865857094
-3.4322174522360087 -4.6622874449615646 1.575740822952913
1.3931522798499851 5.789276576720027 0.7371590353442055
1.797529574502413 5.532227179031711 1.470833052515483
2.2757675230874495 5.502497499996778 0.7371590353442055
3.4322174522360087 4.662287444961564 -1.575740822952913
3.665714033688701 4.174911719274178 -2.265535865857094
2.944319745369841 4.662287444961564 -2.3651758956955056
0.35841909121884585 5.502497499996778 -2.365175895695506
-0.5116734115605219 5.532227179031711 -2.2655358658570943
-0.03629844515245029 5.789276576720027 -1.5757408229529135
-5.343943693564778 1.3594884267363962 2.3651758956955047
-5.103344928501257 2.1961825473433763 2.265535865857093
-5.49471237650299 1.8235067201369262 1.5757408229529124
-5.936436943150332 0.4640182934005317 -0.7371590353442051
-5.816927894656078 0. -1.4708330525154825
-5.936436943150332 -0.4640182934005317 -0.7371590353442051
-5.49471237650299 -1.8235067201369262 1.5757408229529124
-5.103344928501257 -2.1961825473433763 2.265535865857093
-5.343943693564778 -1.3594884267363962 2.3651758956955047
3.5242540171787837 -4.240940533044548 2.3651758956955056
2.837809062644164 -4.77641988988508 2.265535865857094
3.373485334240571 -4.70495882644508 1.5757408229529135
4.529935263389129 -3.8647487714098645 -0.7371590353442053
4.705993521830452 -3.419104430127547 -1.4708330525154822
5.075421482698637 -3.1139514012860836 -0.7371590353442051
5.517146049345978 -1.7544629745496874 1.5757408229529126
5.419576487985273 -1.222921882784167 2.2655358658570934
5.1224285129746825 -2.0412420512729366 2.365175895695505
-4.505361905956071 -1.3594884267363962 3.7220297303930385
-4.308642115159646 -2.196182547343378 3.5513920287989835
-3.866695516151691 -1.823506720136928 4.209927437259207
-1.9955202245019146 -0.4640182934005317 5.639378162261641
-1.285856162941891 0. 5.860595014861918
-1.9955202245019146 0.4640182934005317 5.639378162261641
-3.866695516151691 1.823506720136928 4.209927437259207
-4.308642115159646 2.196182547343378 3.5513920287989835
-4.505361905956071 1.3594884267363962 3.7220297303930385
2.6851837218254273 3.8647487714098645 -3.72202973039304
3.420137358888561 3.419104430127547 -3.551392028798984
2.9291325752585107 3.1139514012860836 -4.209927437259207
1.057957283608734 1.7544629745496874 -5.639378162261641
0.39735140667080593 1.222921882784167 -5.860595014861918
0.17534204037127002 2.0412420512729366 -5.639378162261642
-0.5393833221299478 4.240940533044551 -4.209927437259208
-0.7572500863606617 4.77641988988508 -3.551392028798984
0.09928306767443235 4.704958826445079 -3.7220297303930403
-3.37348533424057 4.704958826445079 -1.575740822952913
-2.837809062644164 4.77641988988508 -2.265535865857094
-3.524254017178783 4.240940533044547 -2.365175895695505
-5.1224285129746825 2.0412420512729366 -2.365175895695505
-5.419576487985273 1.222921882784167 -2.2655358658570934
-5.517146049345978 1.7544629745496874 -1.5757408229529126
-5.075421482698637 3.1139514012860836 0.7371590353442051
-4.705993521830452 3.419104430127547 1.4708330525154822
-4.529935263389129 3.8647487714098645 0.7371590353442053
-1.341666664586205 1.54833604367548 -5.639378162261641
-1.0402794881417512 0.755807289146631 -5.860595014861918
-1.8871528838957135 0.7975386735516992 -5.639378162261641
-4.200052742192831 0.7975386735516992 -4.209927437259207
-4.776648406514328 0.755807289146631 -3.551392028798984
-4.444001595625916 1.54833604367548 -3.7220297303930394
-2.8458270998300152 3.748034525447091 -3.7220297303930403
-2.194880981173219 4.309305296247544 -3.5513920287989844
-2.0563920270874227 3.748034525447091 -4.209927437259208
-2.0563920270874227 -3.7480345254470926 -4.209927437259208
-2.1948809811732186 -4.309305296247543 -3.551392028798984
-2.8458270998300152 -3.748034525447091 -3.72202973039304
-4.444001595625916 -1.54833604367548 -3.7220297303930394
-4.776648406514328 -0.755807289146631 -3.551392028798984
-4.200052742192831 -0.7975386735516992 -4.209927437259207
-1.8871528838957135 -0.7975386735516992 -5.639378162261641
-1.0402794881417512 -0.755807289146631 -5.860595014861918
-1.341666664586205 -1.54833604367548 -5.639378162261641
3.37348533424057 4.704958826445079 1.575740822952913
2.837809062644164 4.77641988988508 2.265535865857094
3.524254017178783 4.240940533044547 2.365175895695505
5.1224285129746825 2.0412420512729366 2.365175895695505
5.419576487985273 1.222921882784167 2.2655358658570934
5.517146049345978 1.7544629745496874 1.5757408229529126
5.075421482698637 3.1139514012860836 -0.7371590353442051
4.705993521830452 3.419104430127547 -1.4708330525154822
4.529935263389129 3.8647487714098645 -0.7371590353442053
-4.529935263389129 -3.8647487714098645 0.7371590353442053
-4.705993521830452 -3.419104430127547 1.4708330525154822
-5.075421482698637 -3.1139514012860836 0.7371590353442051
-5.517146049345978 -1.7544629745496874 -1.5757408229529126
-5.419576487985273 -1.222921882784167 -2.2655358658570934
-5.1224285129746825 -2.0412420512729366 -2.365175895695505
-3.524254017178783 -4.240940533044548 -2.365175895695505
-2.837809062644164 -4.77641988988508 -2.265535865857094
-3.37348533424057 -4.70495882644508 -1.575740822952913
-0.0362984451524503 -5.789276576720029 -1.5757408229529135
-0.5116734115605219 -5.532227179031711 -2.2655358658570943
0.35841909121884585 -5.50249749999678 -2.365175895695506
2.944319745369841 -4.662287444961565 -2.3651758956955056
3.665714033688701 -4.174911719274177 -2.265535865857094
3.4322174522360087 -4.662287444961565 -1.575740822952913
2.2757675230874495 -5.50249749999678 0.7371590353442055
1.7975295745024131 -5.53222717903171 1.470833052515483
1.3931522798499851 -5.789276576720029 0.7371590353442055
0.17534204037127002 -2.0412420512729366 -5.639378162261642
0.39735140667080593 -1.222921882784167 -5.860595014861918
1.057957283608734 -1.7544629745496874 -5.639378162261641
2.9291325752585107 -3.1139514012860836 -4.209927437259207
3.420137358888561 -3.419104430127547 -3.551392028798984
2.6851837218254273 -3.8647487714098645 -3.72202973039304
0.09928306767443229 -4.70495882644508 -3.7220297303930403
-0.7572500863606617 -4.77641988988508 -3.551392028798984
-0.5393833221299478 -4.240940533044549 -4.209927437259208
3.866695516151691 1.823506720136928 -4.209927437259207
4.308642115159646 2.19618254734338 -3.551392028798984
4.50536190595607 1.3594884267363962 -3.7220297303930394
4.50536190595607 -1.3594884267363962 -3.7220297303930394
4.308642115159646 -2.19618254734338 -3.551392028798984
3.866695516151691 -1.823506720136928 -4.209927437259207
1.9955202245019146 -0.4640182934005317 -5.639378162261641
1.285856162941891 0. -5.860595014861918
1.9955202245019146 0.4640182934005317 -5.639378162261641
5.936436943150332 0.4640182934005317 0.7371590353442051
5.816927894656078 0. 1.4708330525154822
5.936436943150332 -0.4640182934005317 0.7371590353442051
5.49471237650299 -1.823506720136928 -1.5757408229529126
5.103344928501257 -2.196182547343378 -2.265535865857093
5.343943693564778 -1.3594884267363962 -2.365175895695505
5.343943693564778 1.3594884267363962 -2.365175895695505
5.103344928501257 2.196182547343378 -2.265535865857093
5.49471237650299 1.823506720136928 -1.5757408229529126
-0.09928306767443226 -4.70495882644508 3.7220297303930403
0.7572500863606617 -4.77641988988508 3.551392028798984
0.5393833221299478 -4.240940533044549 4.209927437259208
-0.17534204037127 -2.0412420512729366 5.639378162261642
-0.3973514066708058 -1.222921882784167 5.860595014861918
-1.057957283608734 -1.7544629745496874 5.639378162261641
-2.9291325752585107 -3.1139514012860836 4.209927437259207
-3.420137358888561 -3.419104430127547 3.551392028798984
-2.6851837218254273 -3.8647487714098645 3.72202973039304
4.444001595625916 -1.54833604367548 3.7220297303930394
4.776648406514328 -0.755807289146631 3.551392028798984
4.200052742192831 -0.7975386735516992 4.209927437259207
1.8871528838957135 -0.7975386735516992 5.639378162261641
1.0402794881417512 -0.755807289146631 5.860595014861918
1.341666664586205 -1.54833604367548 5.639378162261641
2.0563920270874227 -3.748034525447091 4.209927437259208
2.194880981173219 -4.309305296247542 3.5513920287989844
2.8458270998300152 -3.748034525447091 3.7220297303930403
2.8458270998300152 3.748034525447091 3.72202973039304
2.194880981173219 4.309305296247544 3.5513920287989844
2.0563920270874227 3.748034525447091 4.209927437259208
1.341666664586205 1.54833604367548 5.639378162261641
1.0402794881417512 0.755807289146631 5.860595014861918
1.8871528838957135 0.7975386735516992 5.639378162261641
4.200052742192831 0.7975386735516992 4.209927437259207
4.776648406514328 0.755807289146631 3.551392028798984
4.444001595625916 1.54833604367548 3.7220297303930394
-2.6851837218254273 3.8647487714098645 3.72202973039304
-3.420137358888561 3.419104430127547 3.551392028798984
-2.9291325752585107 3.1139514012860836 4.209927437259207
-1.057957283608734 1.7544629745496874 5.639378162261641
-0.3973514066708058 1.222921882784167 5.860595014861918
-0.17534204037126996 2.0412420512729366 5.639378162261642
0.5393833221299479 4.240940533044551 4.209927437259208
0.7572500863606617 4.77641988988508 3.551392028798984
-0.09928306767443226 4.704958826445079 3.7220297303930403
