1280
342 462 102
345 471 105
348 480 108
351 489 111
354 498 114
357 507 117
360 516 120
363 525 123
366 534 126
369 543 129
372 552 132
375 561 135
378 570 138
381 579 141
384 588 144
387 597 147
390 606 150
393 615 153
396 624 156
399 633 159
343 465 103
344 468 104
224 402 104
346 474 106
347 477 107
227 405 107
349 483 109
350 486 110
230 408 110
352 492 112
353 495 113
233 411 113
355 501 115
356 504 116
236 414 116
358 510 118
359 513 119
239 417 119
361 519 121
362 522 122
242 420 122
364 528 124
365 531 125
245 423 125
367 537 127
368 540 128
248 426 128
370 546 130
371 549 131
251 429 131
373 555 133
374 558 134
254 432 134
376 564 136
377 567 137
257 435 137
379 573 139
380 576 140
260 438 140
382 582 142
383 585 143
263 441 143
385 591 145
386 594 146
266 444 146
388 600 148
389 603 149
269 447 149
391 609 151
392 612 152
272 450 152
394 618 154
395 621 155
275 453 155
397 627 157
398 630 158
278 456 158
400 636 160
401 639 161
281 459 161
222 403 102
223 404 103
402 404 104
225 406 105
226 407 106
405 407 107
228 409 108
229 410 109
408 410 110
231 412 111
232 413 112
411 413 113
234 415 114
235 416 115
414 416 116
237 418 117
238 419 118
417 419 119
240 421 120
241 422 121
420 422 122
243 424 123
244 425 124
423 425 125
246 427 126
247 428 127
426 428 128
249 430 129
250 431 130
429 431 131
252 433 132
253 434 133
432 434 134
255 436 135
256 437 136
435 437 137
258 439 138
259 440 139
438 440 140
261 442 141
262 443 142
441 443 143
264 445 144
265 446 145
444 446 146
267 448 147
268 449 148
447 449 149
270 451 150
271 452 151
450 452 152
273 454 153
274 455 154
453 455 155
276 457 156
277 458 157
456 458 158
279 460 159
280 461 160
459 461 161
312 463 72
283 464 43
462 464 102
313 466 73
284 467 44
465 467 103
314 469 74
282 470 42
468 470 104
315 472 75
286 473 46
471 473 105
316 475 76
287 476 47
474 476 106
317 478 77
285 479 45
477 479 107
162 481 42
288 482 48
480 482 108
318 484 78
289 485 49
483 485 109
319 487 79
192 488 72
486 488 110
320 490 80
291 491 51
489 491 111
321 493 81
292 494 52
492 494 112
322 496 82
290 497 50
495 497 113
323 499 83
294 500 54
498 500 114
324 502 84
295 503 55
501 503 115
325 505 85
293 506 53
504 506 116
170 508 50
296 509 56
507 509 117
326 511 86
297 512 57
510 512 118
327 514 87
200 515 80
513 515 119
169 517 49
298 518 58
516 518 120
328 520 88
299 521 59
519 521 121
329 523 89
199 524 79
522 524 122
163 526 43
300 527 60
525 527 123
330 529 90
201 530 81
528 530 124
171 532 51
193 533 73
531 533 125
179 535 59
301 536 61
534 536 126
331 538 91
210 539 90
537 539 127
180 541 60
209 542 89
540 542 128
332 544 92
303 545 63
543 545 129
333 547 93
211 548 91
546 548 130
181 550 61
302 551 62
549 551 131
168 553 48
304 554 64
552 554 132
334 556 94
305 557 65
555 557 133
335 559 95
198 560 78
558 560 134
165 562 45
202 563 82
561 563 135
172 565 52
213 566 93
564 566 136
183 568 63
195 569 75
567 569 137
166 571 46
306 572 66
570 572 138
336 574 96
204 575 84
573 575 139
174 577 54
196 578 76
576 578 140
182 580 62
307 581 67
579 581 141
337 583 97
216 584 96
582 584 142
186 586 66
212 587 92
585 587 143
178 589 58
308 590 68
588 590 144
338 592 98
217 593 97
591 593 145
187 595 67
208 596 88
594 596 146
185 598 65
205 599 85
597 599 147
175 601 55
218 602 98
600 602 148
188 604 68
215 605 95
603 605 149
167 607 47
309 608 69
606 608 150
339 610 99
206 611 86
609 611 151
176 613 56
197 614 77
612 614 152
173 616 53
310 617 70
615 617 153
340 619 100
219 620 99
618 620 154
189 622 69
203 623 83
621 623 155
184 625 64
311 626 71
624 626 156
341 628 101
220 629 100
627 629 157
190 631 70
214 632 94
630 632 158
164 634 44
207 635 87
633 635 159
177 637 57
221 638 101
636 638 160
191 640 71
194 641 74
639 641 161
403 402 102
404 403 103
403 404 402
406 405 105
407 406 106
406 407 405
409 408 108
410 409 109
409 410 408
412 411 111
413 412 112
412 413 411
415 414 114
416 415 115
415 416 414
418 417 117
419 418 118
418 419 417
421 420 120
422 421 121
421 422 420
424 423 123
425 424 124
424 425 423
427 426 126
428 427 127
427 428 426
430 429 129
431 430 130
430 431 429
433 432 132
434 433 133
433 434 432
436 435 135
437 436 136
436 437 435
439 438 138
440 439 139
439 440 438
442 441 141
443 442 142
442 443 441
445 444 144
446 445 145
445 446 444
448 447 147
449 448 148
448 449 447
451 450 150
452 451 151
451 452 450
454 453 153
455 454 154
454 455 453
457 456 156
458 457 157
457 458 456
460 459 159
461 460 160
460 461 459
463 462 72
464 463 43
463 464 462
466 465 73
467 466 44
466 467 465
469 468 74
470 469 42
469 470 468
472 471 75
473 472 46
472 473 471
475 474 76
476 475 47
475 476 474
478 477 77
479 478 45
478 479 477
481 480 42
482 481 48
481 482 480
484 483 78
485 484 49
484 485 483
487 486 79
488 487 72
487 488 486
490 489 80
491 490 51
490 491 489
493 492 81
494 493 52
493 494 492
496 495 82
497 496 50
496 497 495
499 498 83
500 499 54
499 500 498
502 501 84
503 502 55
502 503 501
505 504 85
506 505 53
505 506 504
508 507 50
509 508 56
508 509 507
511 510 86
512 511 57
511 512 510
514 513 87
515 514 80
514 515 513
517 516 49
518 517 58
517 518 516
520 519 88
521 520 59
520 521 519
523 522 89
524 523 79
523 524 522
526 525 43
527 526 60
526 527 525
529 528 90
530 529 81
529 530 528
532 531 51
533 532 73
532 533 531
535 534 59
536 535 61
535 536 534
538 537 91
539 538 90
538 539 537
541 540 60
542 541 89
541 542 540
544 543 92
545 544 63
544 545 543
547 546 93
548 547 91
547 548 546
550 549 61
551 550 62
550 551 549
553 552 48
554 553 64
553 554 552
556 555 94
557 556 65
556 557 555
559 558 95
560 559 78
559 560 558
562 561 45
563 562 82
562 563 561
565 564 52
566 565 93
565 566 564
568 567 63
569 568 75
568 569 567
571 570 46
572 571 66
571 572 570
574 573 96
575 574 84
574 575 573
577 576 54
578 577 76
577 578 576
580 579 62
581 580 67
580 581 579
583 582 97
584 583 96
583 584 582
586 585 66
587 586 92
586 587 585
589 588 58
590 589 68
589 590 588
592 591 98
593 592 97
592 593 591
595 594 67
596 595 88
595 596 594
598 597 65
599 598 85
598 599 597
601 600 55
602 601 98
601 602 600
604 603 68
605 604 95
604 605 603
607 606 47
608 607 69
607 608 606
610 609 99
611 610 86
610 611 609
613 612 56
614 613 77
613 614 612
616 615 53
617 616 70
616 617 615
619 618 100
620 619 99
619 620 618
622 621 69
623 622 83
622 623 621
625 624 64
626 625 71
625 626 624
628 627 101
629 628 100
628 629 627
631 630 70
632 631 94
631 632 630
634 633 44
635 634 87
634 635 633
637 636 57
638 637 101
637 638 636
640 639 71
641 640 74
640 641 639
342 224 12
402 342 102
342 402 224
343 222 13
403 343 103
343 403 222
344 223 14
404 344 104
344 404 223
345 227 15
405 345 105
345 405 227
346 225 16
406 346 106
346 406 225
347 226 17
407 347 107
347 407 226
348 230 12
408 348 108
348 408 230
349 228 18
409 349 109
349 409 228
350 229 19
410 350 110
350 410 229
351 233 20
411 351 111
351 411 233
352 231 21
412 352 112
352 412 231
353 232 22
413 353 113
353 413 232
354 236 23
414 354 114
354 414 236
355 234 24
415 355 115
355 415 234
356 235 25
416 356 116
356 416 235
357 239 20
417 357 117
357 417 239
358 237 26
418 358 118
358 418 237
359 238 27
419 359 119
359 419 238
360 242 19
420 360 120
360 420 242
361 240 28
421 361 121
361 421 240
362 241 29
422 362 122
362 422 241
363 245 13
423 363 123
363 423 245
364 243 30
424 364 124
364 424 243
365 244 21
425 365 125
365 425 244
366 248 29
426 366 126
366 426 248
367 246 31
427 367 127
367 427 246
368 247 30
428 368 128
368 428 247
369 251 32
429 369 129
369 429 251
370 249 33
430 370 130
370 430 249
371 250 31
431 371 131
371 431 250
372 254 18
432 372 132
372 432 254
373 252 34
433 373 133
373 433 252
374 253 35
434 374 134
374 434 253
375 257 15
435 375 135
375 435 257
376 255 22
436 376 136
376 436 255
377 256 33
437 377 137
377 437 256
378 260 16
438 378 138
378 438 260
379 258 36
439 379 139
379 439 258
380 259 24
440 380 140
380 440 259
381 263 32
441 381 141
381 441 263
382 261 37
442 382 142
382 442 261
383 262 36
443 383 143
383 443 262
384 266 28
444 384 144
384 444 266
385 264 38
445 385 145
385 445 264
386 265 37
446 386 146
386 446 265
387 269 35
447 387 147
387 447 269
388 267 25
448 388 148
388 448 267
389 268 38
449 389 149
389 449 268
390 272 17
450 390 150
390 450 272
391 270 39
451 391 151
391 451 270
392 271 26
452 392 152
392 452 271
393 275 23
453 393 153
393 453 275
394 273 40
454 394 154
394 454 273
395 274 39
455 395 155
395 455 274
396 278 34
456 396 156
396 456 278
397 276 41
457 397 157
397 457 276
398 277 40
458 398 158
398 458 277
399 281 14
459 399 159
399 459 281
400 279 27
460 400 160
400 460 279
401 280 41
461 401 161
401 461 280
192 342 12
462 192 72
192 462 342
163 312 9
463 163 43
163 463 312
222 283 13
464 222 102
222 464 283
193 343 13
465 193 73
193 465 343
164 313 7
466 164 44
164 466 313
223 284 14
467 223 103
223 467 284
194 344 14
468 194 74
194 468 344
162 314 11
469 162 42
162 469 314
224 282 12
470 224 104
224 470 282
195 345 15
471 195 75
195 471 345
166 315 8
472 166 46
166 472 315
225 286 16
473 225 105
225 473 286
196 346 16
474 196 76
196 474 346
167 316 10
475 167 47
167 475 316
226 287 17
476 226 106
226 476 287
197 347 17
477 197 77
197 477 347
165 317 6
478 165 45
165 478 317
227 285 15
479 227 107
227 479 285
282 348 12
480 282 42
282 480 348
168 162 11
481 168 48
168 481 162
228 288 18
482 228 108
228 482 288
198 349 18
483 198 78
198 483 349
169 318 5
484 169 49
169 484 318
229 289 19
485 229 109
229 485 289
199 350 19
486 199 79
199 486 350
312 319 9
487 312 72
312 487 319
230 192 12
488 230 110
230 488 192
200 351 20
489 200 80
200 489 351
171 320 7
490 171 51
171 490 320
231 291 21
491 231 111
231 491 291
201 352 21
492 201 81
201 492 352
172 321 2
493 172 52
172 493 321
232 292 22
494 232 112
232 494 292
202 353 22
495 202 82
202 495 353
170 322 6
496 170 50
170 496 322
233 290 20
497 233 113
233 497 290
203 354 23
498 203 83
203 498 354
174 323 10
499 174 54
174 499 323
234 294 24
500 234 114
234 500 294
204 355 24
501 204 84
204 501 355
175 324 4
502 175 55
175 502 324
235 295 25
503 235 115
235 503 295
205 356 25
504 205 85
205 504 356
173 325 3
505 173 53
173 505 325
236 293 23
506 236 116
236 506 293
290 357 20
507 290 50
290 507 357
176 170 6
508 176 56
176 508 170
237 296 26
509 237 117
237 509 296
206 358 26
510 206 86
206 510 358
177 326 1
511 177 57
177 511 326
238 297 27
512 238 118
238 512 297
207 359 27
513 207 87
207 513 359
320 327 7
514 320 80
320 514 327
239 200 20
515 239 119
239 515 200
289 360 19
516 289 49
289 516 360
178 169 5
517 178 58
178 517 169
240 298 28
518 240 120
240 518 298
208 361 28
519 208 88
208 519 361
179 328 0
520 179 59
179 520 328
241 299 29
521 241 121
241 521 299
209 362 29
522 209 89
209 522 362
319 329 9
523 319 79
319 523 329
242 199 19
524 242 122
242 524 199
283 363 13
525 283 43
283 525 363
180 163 9
526 180 60
180 526 163
243 300 30
527 243 123
243 527 300
210 364 30
528 210 90
210 528 364
321 330 2
529 321 81
321 529 330
244 201 21
530 244 124
244 530 201
291 365 21
531 291 51
291 531 365
313 171 7
532 313 73
313 532 171
245 193 13
533 245 125
245 533 193
299 366 29
534 299 59
299 534 366
181 179 0
535 181 61
181 535 179
246 301 31
536 246 126
246 536 301
211 367 31
537 211 91
211 537 367
330 331 2
538 330 90
330 538 331
247 210 30
539 247 127
247 539 210
300 368 30
540 300 60
300 540 368
329 180 9
541 329 89
329 541 180
248 209 29
542 248 128
248 542 209
212 369 32
543 212 92
212 543 369
183 332 8
544 183 63
183 544 332
249 303 33
545 249 129
249 545 303
213 370 33
546 213 93
213 546 370
331 333 2
547 331 91
331 547 333
250 211 31
548 250 130
250 548 211
301 371 31
549 301 61
301 549 371
182 181 0
550 182 62
182 550 181
251 302 32
551 251 131
251 551 302
288 372 18
552 288 48
288 552 372
184 168 11
553 184 64
184 553 168
252 304 34
554 252 132
252 554 304
214 373 34
555 214 94
214 555 373
185 334 3
556 185 65
185 556 334
253 305 35
557 253 133
253 557 305
215 374 35
558 215 95
215 558 374
318 335 5
559 318 78
318 559 335
254 198 18
560 254 134
254 560 198
285 375 15
561 285 45
285 561 375
322 165 6
562 322 82
322 562 165
255 202 22
563 255 135
255 563 202
292 376 22
564 292 52
292 564 376
333 172 2
565 333 93
333 565 172
256 213 33
566 256 136
256 566 213
303 377 33
567 303 63
303 567 377
315 183 8
568 315 75
315 568 183
257 195 15
569 257 137
257 569 195
286 378 16
570 286 46
286 570 378
186 166 8
571 186 66
186 571 166
258 306 36
572 258 138
258 572 306
216 379 36
573 216 96
216 573 379
324 336 4
574 324 84
324 574 336
259 204 24
575 259 139
259 575 204
294 380 24
576 294 54
294 576 380
316 174 10
577 316 76
316 577 174
260 196 16
578 260 140
260 578 196
302 381 32
579 302 62
302 579 381
187 182 0
580 187 67
187 580 182
261 307 37
581 261 141
261 581 307
217 382 37
582 217 97
217 582 382
336 337 4
583 336 96
336 583 337
262 216 36
584 262 142
262 584 216
306 383 36
585 306 66
306 585 383
332 186 8
586 332 92
332 586 186
263 212 32
587 263 143
263 587 212
298 384 28
588 298 58
298 588 384
188 178 5
589 188 68
188 589 178
264 308 38
590 264 144
264 590 308
218 385 38
591 218 98
218 591 385
337 338 4
592 337 97
337 592 338
265 217 37
593 265 145
265 593 217
307 386 37
594 307 67
307 594 386
328 187 0
595 328 88
328 595 187
266 208 28
596 266 146
266 596 208
305 387 35
597 305 65
305 597 387
325 185 3
598 325 85
325 598 185
267 205 25
599 267 147
267 599 205
295 388 25
600 295 55
295 600 388
338 175 4
601 338 98
338 601 175
268 218 38
602 268 148
268 602 218
308 389 38
603 308 68
308 603 389
335 188 5
604 335 95
335 604 188
269 215 35
605 269 149
269 605 215
287 390 17
606 287 47
287 606 390
189 167 10
607 189 69
189 607 167
270 309 39
608 270 150
270 608 309
219 391 39
609 219 99
219 609 391
326 339 1
610 326 86
326 610 339
271 206 26
611 271 151
271 611 206
296 392 26
612 296 56
296 612 392
317 176 6
613 317 77
317 613 176
272 197 17
614 272 152
272 614 197
293 393 23
615 293 53
293 615 393
190 173 3
616 190 70
190 616 173
273 310 40
617 273 153
273 617 310
220 394 40
618 220 100
220 618 394
339 340 1
619 339 99
339 619 340
274 219 39
620 274 154
274 620 219
309 395 39
621 309 69
309 621 395
323 189 10
622 323 83
323 622 189
275 203 23
623 275 155
275 623 203
304 396 34
624 304 64
304 624 396
191 184 11
625 191 71
191 625 184
276 311 41
626 276 156
276 626 311
221 397 41
627 221 101
221 627 397
340 341 1
628 340 100
340 628 341
277 220 40
629 277 157
277 629 220
310 398 40
630 310 70
310 630 398
334 190 3
631 334 94
334 631 190
278 214 34
632 278 158
278 632 214
284 399 14
633 284 44
284 633 399
327 164 7
634 327 87
327 634 164
279 207 27
635 279 159
279 635 207
297 400 27
636 297 57
297 636 400
341 177 1
637 341 101
341 637 177
280 221 41
638 280 160
280 638 221
311 401 41
639 311 71
311 639 401
314 191 11
640 314 74
314 640 191
281 194 14
641 281 161
281 641 194
