2
8
105 0 0
210 105 0
105 210 0
0 105 0
105 0 180
210 105 180
105 210 180
0 105 180
12
1 4 5 0.707107 -0.707107 0

0 1 4 0.707107 -0.707107 0

1 5 6 0.707107 0.707107 0

1 6 2 0.707107 0.707107 0

2 7 6 -0.707107 0.707107 0

2 3 7 -0.707107 0.707107 0

0 3 7 -0.707107 -0.707107 0

0 4 7 -0.707107 -0.707107 0

0 1 3 0 0 -1

1 2 3 0 0 -1

4 5 7 0 0 1

5 6 7 0 0 1

100 200 50
0.3 0.4 0.3 1.5


8
85 215 20
190 320 20
85 425 20
-20 320 20
85 215 200
190 320 200
85 425 200
-20 320 200
12
1 4 5 0.707107 -0.707107 0

0 1 4 0.707107 -0.707107 0

1 5 6 0.707107 0.707107 0

1 6 2 0.707107 0.707107 0

2 7 6 -0.707107 0.707107 0

2 3 7 -0.707107 0.707107 0

0 3 7 -0.707107 -0.707107 0

0 4 7 -0.707107 -0.707107 0

0 1 3 0 0 -1

1 2 3 0 0 -1

4 5 7 0 0 1

5 6 7 0 0 1

100 200 50
0.3 0.4 0.3 1.5


1
215 505 205
-1 0 0
0 -0.707107 0.707107
0 -0.707107 -0.707107
1500 1500 1500

220 -100 -100
0 1 0
0 0 1
-1 0 0

