1
20
100.000 100.000 50.000
213.154 100.001 50.000
154.630 235.249 50.000
46.652 209.602 50.000
15.579 245.117 50.000
-93.418 95.527 50.000
-23.172 11.034 50.000
136.446 3.175 50.000
165.707 -38.139 50.000
200.505 92.693 50.000
100.000 100.000 250.000
213.154 100.001 250.000
154.630 235.249 250.000
46.652 209.602 250.000
15.579 245.117 250.000
-93.418 95.527 250.000
-23.172 11.034 250.000
136.446 3.175 250.000
165.707 -38.139 250.000
200.505 92.693 250.000
32
0 1 2 0.000 -0.000 1.000

0 2 3 0.000 -0.000 1.000

0 3 4 0.000 -0.000 1.000

0 4 5 0.000 -0.000 1.000

0 5 6 0.000 -0.000 1.000

0 6 7 0.000 0.000 1.000

0 7 8 0.000 -0.000 1.000

0 1 8 0.000 -0.000 -1.000

10 11 12 -0.000 0.000 -1.000

10 12 13 -0.000 0.000 -1.000

10 13 14 -0.000 0.000 -1.000

10 14 15 -0.000 0.000 -1.000

10 15 16 -0.000 0.000 -1.000

10 16 17 -0.000 -0.000 -1.000

10 17 18 -0.000 0.000 -1.000

10 11 18 0.000 -0.000 -1.000

1 2 11 -0.918 -0.397 0.000

11 2 12 -0.918 -0.397 -0.000

2 3 12 0.231 -0.973 -0.000

12 3 13 0.231 -0.973 0.000

3 4 13 -0.753 -0.658 0.000

13 4 14 -0.753 -0.658 0.000

4 5 14 0.808 -0.589 -0.000

14 5 15 0.808 -0.589 0.000

5 6 15 0.769 0.639 -0.000

15 6 16 0.769 0.639 -0.000

6 7 16 0.049 0.999 -0.000

16 7 17 0.049 0.999 -0.000

7 8 17 0.816 0.578 -0.000

17 8 18 0.816 0.578 0.000

8 9 18 -0.966 0.257 -0.000

18 9 19 -0.966 0.257 0.000

40 80 232
0.0 0.3 1.827
1
215.000 505.000 205.000
-1.000 0.000 0.000
0.000 -0.707 0.707
0.000 -0.707 -0.707
1500.000 1500.000 1500.000
220.000 -100.000 -100.000
0.000 1.000 0.000
0.000 0.000 1.000
-1.000 0.000 0.000
